0 -0.3 9.7 -0.3
1 0.3 9.7 0.3
2 0.3 9.7 -0.3
3 0.3 10.3 0.3
4 9.7 9.7 -0.3
5 10.3 9.7 0.3
6 9.7 9.7 0.3
7 9.7 10.3 -0.3
8 9.7 0.3 0.3
9 10.3 0.3 -0.3
10 9.7 -0.3 0.3
11 9.7 0.3 -0.3
12 0.3 0.3 -0.3
13 0.3 -0.3 0.3
14 -0.3 0.3 -0.3
15 0.3 0.3 0.3
16 -0.3 9.7 9.7
17 0.3 9.7 10.3
18 0.3 9.7 9.7
19 0.3 10.3 10.3
20 9.7 9.7 9.7
21 10.3 9.7 10.3
22 9.7 9.7 10.3
23 9.7 10.3 9.7
24 9.7 0.3 10.3
25 10.3 0.3 9.7
26 9.7 -0.3 10.3
27 9.7 0.3 9.7
28 0.3 0.3 9.7
29 0.3 -0.3 10.3
30 -0.3 0.3 9.7
31 0.3 0.3 10.3
32 -0.3 9.7 19.7
33 0.3 9.7 20.3
34 0.3 9.7 19.7
35 0.3 10.3 20.3
36 9.7 9.7 19.7
37 10.3 9.7 20.3
38 9.7 9.7 20.3
39 9.7 10.3 19.7
40 9.7 0.3 20.3
41 10.3 0.3 19.7
42 9.7 -0.3 20.3
43 9.7 0.3 19.7
44 0.3 0.3 19.7
45 0.3 -0.3 20.3
46 -0.3 0.3 19.7
47 0.3 0.3 20.3