0 -0.15 9.85 -0.15
1 0.15 9.85 0.15
2 0.15 9.85 -0.15
3 0.15 10.15 0.15
4 9.85 9.85 -0.15
5 10.15 9.85 0.15
6 9.85 9.85 0.15
7 9.85 10.15 -0.15
8 9.85 0.15 0.15
9 10.15 0.15 -0.15
10 9.85 -0.15 0.15
11 9.85 0.15 -0.15
12 0.15 0.15 -0.15
13 0.15 -0.15 0.15
14 -0.15 0.15 -0.15
15 0.15 0.15 0.15
16 -0.15 9.85 9.85
17 0.15 9.85 10.15
18 0.15 9.85 9.85
19 0.15 10.15 10.15
20 9.85 9.85 9.85
21 10.15 9.85 10.15
22 9.85 9.85 10.15
23 9.85 10.15 9.85
24 9.85 0.15 10.15
25 10.15 0.15 9.85
26 9.85 -0.15 10.15
27 9.85 0.15 9.85
28 0.15 0.15 9.85
29 0.15 -0.15 10.15
30 -0.15 0.15 9.85
31 0.15 0.15 10.15
32 -0.15 9.85 19.85
33 0.15 9.85 20.15
34 0.15 9.85 19.85
35 0.15 10.15 20.15
36 9.85 9.85 19.85
37 10.15 9.85 20.15
38 9.85 9.85 20.15
39 9.85 10.15 19.85
40 9.85 0.15 20.15
41 10.15 0.15 19.85
42 9.85 -0.15 20.15
43 9.85 0.15 19.85
44 0.15 0.15 19.85
45 0.15 -0.15 20.15
46 -0.15 0.15 19.85
47 0.15 0.15 20.15