1 0 0 0 10 0 0
0.999975 0 0 -0.00713992 10.1423 0.142315 0
0.999898 0 0 -0.0142795 10.2866 0.282583 0
0.999771 0 0 -0.0214183 10.433 0.420776 0
0.999592 0 0 -0.0285561 10.5812 0.556865 0
0.999363 0 0 -0.0356923 10.7315 0.690823 0
0.999083 0 0 -0.0428268 10.8836 0.822623 0
0.998751 0 0 -0.0499591 11.0375 0.952237 0
0.998369 0 0 -0.0570888 11.1933 1.07964 0
0.997936 0 0 -0.0642156 11.3509 1.2048 0
0.997452 0 0 -0.0713392 11.5103 1.32771 0
0.996917 0 0 -0.0784591 11.6714 1.44832 0
0.996332 0 0 -0.085575 11.8343 1.56662 0
0.995695 0 0 -0.0926866 11.9988 1.68258 0
0.995008 0 0 -0.0997934 12.1649 1.79618 0
0.99427 0 0 -0.106895 12.3327 1.9074 0
0.993482 0 0 -0.113991 12.502 2.01621 0
0.992643 0 0 -0.121082 12.6728 2.12259 0
0.991753 0 0 -0.128166 12.8452 2.22653 0
0.990812 0 0 -0.135244 13.019 2.32799 0
0.989821 0 0 -0.142315 13.1942 2.42695 0
0.98878 0 0 -0.149378 13.3709 2.52341 0
0.987688 0 0 -0.156434 13.5489 2.61733 0
0.986546 0 0 -0.163482 13.7282 2.7087 0
0.985354 0 0 -0.170522 13.9088 2.79751 0
0.984111 0 0 -0.177553 14.0907 2.88372 0
0.982818 0 0 -0.184575 14.2738 2.96733 0
0.981475 0 0 -0.191588 14.458 3.04831 0
0.980083 0 0 -0.19859 14.6434 3.12666 0
0.97864 0 0 -0.205583 14.8299 3.20235 0
0.977147 0 0 -0.212565 15.0174 3.27537 0
0.975604 0 0 -0.219537 15.206 3.3457 0
0.974012 0 0 -0.226497 15.3956 3.41334 0
0.97237 0 0 -0.233445 15.5861 3.47826 0
0.970678 0 0 -0.240382 15.7775 3.54045 0
0.968937 0 0 -0.247307 15.9698 3.59991 0
0.967147 0 0 -0.254218 16.1629 3.65661 0
0.965307 0 0 -0.261117 16.3568 3.71055 0
0.963418 0 0 -0.268003 16.5514 3.76171 0
0.96148 0 0 -0.274875 16.7468 3.81009 0
0.959493 0 0 -0.281733 16.9428 3.85568 0
0.957457 0 0 -0.288576 17.1395 3.89846 0
0.955372 0 0 -0.295405 17.3368 3.93843 0
0.953239 0 0 -0.302219 17.5346 3.97558 0
0.951057 0 0 -0.309017 17.7329 4.0099 0
0.948826 0 0 -0.3158 17.9317 4.04138 0
0.946547 0 0 -0.322566 18.1309 4.07003 0
0.94422 0 0 -0.329316 18.3305 4.09582 0
0.941844 0 0 -0.336049 18.5304 4.11876 0
0.939421 0 0 -0.342766 18.7307 4.13885 0
0.93695 0 0 -0.349464 18.9312 4.15607 0
0.934431 0 0 -0.356145 19.132 4.17043 0
0.931864 0 0 -0.362808 19.3329 4.18192 0
0.92925 0 0 -0.369452 19.534 4.19054 0
0.926588 0 0 -0.376077 19.7352 4.19629 0
0.92388 0 0 -0.382683 19.9364 4.19916 0
0.921124 0 0 -0.38927 20.1377 4.19916 0
0.918321 0 0 -0.395837 20.3389 4.19629 0
0.915471 0 0 -0.402384 20.5401 4.19054 0
0.912575 0 0 -0.40891 20.7412 4.18192 0
0.909632 0 0 -0.415415 20.9421 4.17043 0
0.906643 0 0 -0.421899 21.1429 4.15607 0
0.903607 0 0 -0.428362 21.3434 4.13885 0
0.900526 0 0 -0.434802 21.5436 4.11876 0
0.897398 0 0 -0.441221 21.7436 4.09582 0
0.894225 0 0 -0.447617 21.9432 4.07003 0
0.891007 0 0 -0.45399 22.1424 4.04138 0
0.887742 0 0 -0.460341 22.3412 4.0099 0
0.884433 0 0 -0.466667 22.5395 3.97558 0
0.881078 0 0 -0.47297 22.7373 3.93843 0
0.877679 0 0 -0.479249 22.9346 3.89846 0
0.874235 0 0 -0.485503 23.1312 3.85568 0
0.870746 0 0 -0.491733 23.3273 3.81009 0
0.867213 0 0 -0.497937 23.5226 3.76171 0
0.863636 0 0 -0.504117 23.7173 3.71055 0
0.860014 0 0 -0.51027 23.9112 3.65661 0
0.856349 0 0 -0.516397 24.1043 3.59991 0
0.85264 0 0 -0.522499 24.2966 3.54045 0
0.848888 0 0 -0.528573 24.488 3.47826 0
0.845092 0 0 -0.534621 24.6785 3.41334 0
0.841254 0 0 -0.540641 24.8681 3.3457 0
0.837372 0 0 -0.546634 25.0566 3.27537 0
0.833448 0 0 -0.552598 25.2442 3.20235 0
0.829481 0 0 -0.558535 25.4307 3.12666 0
0.825472 0 0 -0.564443 25.6161 3.04831 0
0.821421 0 0 -0.570323 25.8003 2.96733 0
0.817328 0 0 -0.576173 25.9834 2.88372 0
0.813193 0 0 -0.581994 26.1652 2.79751 0
0.809017 0 0 -0.587785 26.3459 2.7087 0
0.8048 0 0 -0.593547 26.5252 2.61733 0
0.800541 0 0 -0.599278 26.7032 2.52341 0
0.796242 0 0 -0.604978 26.8798 2.42695 0
0.791902 0 0 -0.610648 27.0551 2.32799 0
0.787522 0 0 -0.616286 27.2289 2.22653 0
0.783102 0 0 -0.621894 27.4013 2.12259 0
0.778642 0 0 -0.627469 27.5721 2.01621 0
0.774142 0 0 -0.633012 27.7414 1.9074 0
0.769602 0 0 -0.638524 27.9092 1.79618 0
0.765024 0 0 -0.644002 28.0753 1.68258 0
0.760406 0 0 -0.649448 28.2398 1.56662 0
0.75575 0 0 -0.654861 28.4026 1.44832 0
0.751055 0 0 -0.66024 28.5637 1.32771 0
0.746321 0 0 -0.665586 28.7231 1.2048 0
0.74155 0 0 -0.670897 28.8807 1.07964 0
0.736741 0 0 -0.676175 29.0365 0.952237 0
0.731895 0 0 -0.681418 29.1905 0.822623 0
0.727011 0 0 -0.686626 29.3426 0.690823 0
0.72209 0 0 -0.6918 29.4928 0.556865 0
0.717132 0 0 -0.696938 29.6411 0.420776 0
0.712137 0 0 -0.70204 29.7874 0.282583 0
0.707107 0 0 -0.707107 29.9318 0.142315 0
0.70204 0 0 -0.712137 30.0741 1.56541e-14 0
0.696938 0 0 -0.717132 30.2143 -0.144333 0
0.6918 0 0 -0.72209 30.3525 -0.290653 0
0.686626 0 0 -0.727011 30.4886 -0.438932 0
0.681418 0 0 -0.731895 30.6226 -0.58914 0
0.676175 0 0 -0.736741 30.7544 -0.741245 0
0.670897 0 0 -0.74155 30.884 -0.895216 0
0.665586 0 0 -0.746321 31.0114 -1.05102 0
0.66024 0 0 -0.751055 31.1366 -1.20863 0
0.654861 0 0 -0.75575 31.2595 -1.36801 0
0.649448 0 0 -0.760406 31.3801 -1.52913 0
0.644002 0 0 -0.765024 31.4984 -1.69196 0
0.638524 0 0 -0.769602 31.6143 -1.85646 0
0.633012 0 0 -0.774142 31.7279 -2.02259 0
0.627469 0 0 -0.778642 31.8392 -2.19034 0
0.621894 0 0 -0.783102 31.948 -2.35965 0
0.616286 0 0 -0.787522 32.0544 -2.5305 0
0.610648 0 0 -0.791902 32.1583 -2.70285 0
0.604978 0 0 -0.796242 32.2597 -2.87667 0
0.599278 0 0 -0.800541 32.3587 -3.05192 0
0.593547 0 0 -0.8048 32.4552 -3.22857 0
0.587785 0 0 -0.809017 32.5491 -3.40657 0
0.581994 0 0 -0.813193 32.6405 -3.5859 0
0.576173 0 0 -0.817328 32.7293 -3.76651 0
0.570323 0 0 -0.821421 32.8155 -3.94837 0
0.564443 0 0 -0.825472 32.8991 -4.13145 0
0.558535 0 0 -0.829481 32.9801 -4.3157 0
0.552598 0 0 -0.833448 33.0584 -4.50109 0
0.546634 0 0 -0.837372 33.1341 -4.68758 0
0.540641 0 0 -0.841254 33.2071 -4.87513 0
0.534621 0 0 -0.845092 33.2775 -5.0637 0
0.528573 0 0 -0.848888 33.3451 -5.25326 0
0.522499 0 0 -0.85264 33.41 -5.44377 0
0.516397 0 0 -0.856349 33.4722 -5.63518 0
0.51027 0 0 -0.860014 33.5317 -5.82746 0
0.504117 0 0 -0.863636 33.5884 -6.02057 0
-0.497937 0 0 0.867213 33.6423 -6.21447 0
-0.491733 0 0 0.870746 33.6935 -6.40912 0
-0.485503 0 0 0.874235 33.7419 -6.60449 0
-0.479249 0 0 0.877679 33.7874 -6.80052 0
-0.47297 0 0 0.881078 33.8302 -6.99718 0
-0.466667 0 0 0.884433 33.8702 -7.19444 0
-0.460341 0 0 0.887742 33.9073 -7.39224 0
-0.45399 0 0 0.891007 33.9417 -7.59056 0
-0.447617 0 0 0.894225 33.9731 -7.78935 0
-0.441221 0 0 0.897398 34.0018 -7.98856 0
-0.434802 0 0 0.900526 34.0276 -8.18816 0
-0.428362 0 0 0.903607 34.0505 -8.38812 0
-0.421899 0 0 0.906643 34.0706 -8.58837 0
-0.415415 0 0 0.909632 34.0878 -8.7889 0
-0.40891 0 0 0.912575 34.1022 -8.98965 0
-0.402384 0 0 0.915471 34.1137 -9.19059 0
-0.395837 0 0 0.918321 34.1223 -9.39167 0
-0.38927 0 0 0.921124 34.128 -9.59285 0
-0.382683 0 0 0.92388 34.1309 -9.79409 0
-0.376077 0 0 0.926588 34.1309 -9.99535 0
-0.369452 0 0 0.92925 34.128 -10.1966 0
-0.362808 0 0 0.931864 34.1223 -10.3978 0
-0.356145 0 0 0.934431 34.1137 -10.5989 0
-0.349464 0 0 0.93695 34.1022 -10.7998 0
-0.342766 0 0 0.939421 34.0878 -11.0005 0
-0.336049 0 0 0.941844 34.0706 -11.2011 0
-0.329316 0 0 0.94422 34.0505 -11.4013 0
-0.322566 0 0 0.946547 34.0276 -11.6013 0
-0.3158 0 0 0.948826 34.0018 -11.8009 0
-0.309017 0 0 0.951057 33.9731 -12.0001 0
-0.302219 0 0 0.953239 33.9417 -12.1989 0
-0.295405 0 0 0.955372 33.9073 -12.3972 0
-0.288576 0 0 0.957457 33.8702 -12.595 0
-0.281733 0 0 0.959493 33.8302 -12.7923 0
-0.274875 0 0 0.96148 33.7874 -12.9889 0
-0.268003 0 0 0.963418 33.7419 -13.185 0
-0.261117 0 0 0.965307 33.6935 -13.3803 0
-0.254218 0 0 0.967147 33.6423 -13.575 0
-0.247307 0 0 0.968937 33.5884 -13.7689 0
-0.240382 0 0 0.970678 33.5317 -13.962 0
-0.233445 0 0 0.97237 33.4722 -14.1543 0
-0.226497 0 0 0.974012 33.41 -14.3457 0
-0.219537 0 0 0.975604 33.3451 -14.5362 0
-0.212565 0 0 0.977147 33.2775 -14.7257 0
-0.205583 0 0 0.97864 33.2071 -14.9143 0
-0.19859 0 0 0.980083 33.1341 -15.1019 0
-0.191588 0 0 0.981475 33.0584 -15.2884 0
-0.184575 0 0 0.982818 32.9801 -15.4737 0
-0.177553 0 0 0.984111 32.8991 -15.658 0
-0.170522 0 0 0.985354 32.8155 -15.8411 0
-0.163482 0 0 0.986546 32.7293 -16.0229 0
-0.156434 0 0 0.987688 32.6405 -16.2035 0
-0.149378 0 0 0.98878 32.5491 -16.3829 0
-0.142315 0 0 0.989821 32.4552 -16.5609 0
-0.135244 0 0 0.990812 32.3587 -16.7375 0
-0.128166 0 0 0.991753 32.2597 -16.9128 0
-0.121082 0 0 0.992643 32.1583 -17.0866 0
-0.113991 0 0 0.993482 32.0544 -17.2589 0
-0.106895 0 0 0.99427 31.948 -17.4298 0
-0.0997934 0 0 0.995008 31.8392 -17.5991 0
-0.0926866 0 0 0.995695 31.7279 -17.7668 0
-0.085575 0 0 0.996332 31.6143 -17.933 0
-0.0784591 0 0 0.996917 31.4984 -18.0975 0
-0.0713392 0 0 0.997452 31.3801 -18.2603 0
-0.0642156 0 0 0.997936 31.2595 -18.4214 0
-0.0570888 0 0 0.998369 31.1366 -18.5808 0
-0.0499591 0 0 0.998751 31.0114 -18.7384 0
-0.0428268 0 0 0.999083 30.884 -18.8942 0
-0.0356923 0 0 0.999363 30.7544 -19.0482 0
-0.0285561 0 0 0.999592 30.6226 -19.2003 0
-0.0214183 0 0 0.999771 30.4886 -19.3505 0
-0.0142795 0 0 0.999898 30.3525 -19.4988 0
-0.00713992 0 0 0.999975 30.2143 -19.6451 0
-6.41848e-17 0 0 1 30.0741 -19.7894 0
0.00713992 0 0 0.999975 29.9318 -19.9318 0
0.0142795 0 0 0.999898 29.7874 -20.072 0
0.0214183 0 0 0.999771 29.6411 -20.2102 0
0.0285561 0 0 0.999592 29.4928 -20.3463 0
0.0356923 0 0 0.999363 29.3426 -20.4803 0
0.0428268 0 0 0.999083 29.1905 -20.6121 0
0.0499591 0 0 0.998751 29.0365 -20.7417 0
0.0570888 0 0 0.998369 28.8807 -20.8691 0
0.0642156 0 0 0.997936 28.7231 -20.9942 0
0.0713392 0 0 0.997452 28.5637 -21.1171 0
0.0784591 0 0 0.996917 28.4026 -21.2378 0
0.085575 0 0 0.996332 28.2398 -21.3561 0
0.0926866 0 0 0.995695 28.0753 -21.472 0
0.0997934 0 0 0.995008 27.9092 -21.5856 0
0.106895 0 0 0.99427 27.7414 -21.6968 0
0.113991 0 0 0.993482 27.5721 -21.8057 0
0.121082 0 0 0.992643 27.4013 -21.912 0
0.128166 0 0 0.991753 27.2289 -22.016 0
0.135244 0 0 0.990812 27.0551 -22.1174 0
0.142315 0 0 0.989821 26.8798 -22.2164 0
0.149378 0 0 0.98878 26.7032 -22.3129 0
0.156434 0 0 0.987688 26.5252 -22.4068 0
0.163482 0 0 0.986546 26.3459 -22.4981 0
0.170522 0 0 0.985354 26.1652 -22.5869 0
0.177553 0 0 0.984111 25.9834 -22.6732 0
0.184575 0 0 0.982818 25.8003 -22.7568 0
0.191588 0 0 0.981475 25.6161 -22.8378 0
0.19859 0 0 0.980083 25.4307 -22.9161 0
0.205583 0 0 0.97864 25.2442 -22.9918 0
0.212565 0 0 0.977147 25.0566 -23.0648 0
0.219537 0 0 0.975604 24.8681 -23.1351 0
0.226497 0 0 0.974012 24.6785 -23.2028 0
0.233445 0 0 0.97237 24.488 -23.2677 0
0.240382 0 0 0.970678 24.2966 -23.3299 0
0.247307 0 0 0.968937 24.1043 -23.3894 0
0.254218 0 0 0.967147 23.9112 -23.4461 0
0.261117 0 0 0.965307 23.7173 -23.5 0
0.268003 0 0 0.963418 23.5226 -23.5512 0
0.274875 0 0 0.96148 23.3273 -23.5995 0
0.281733 0 0 0.959493 23.1312 -23.6451 0
0.288576 0 0 0.957457 22.9346 -23.6879 0
0.295405 0 0 0.955372 22.7373 -23.7279 0
0.302219 0 0 0.953239 22.5395 -23.765 0
0.309017 0 0 0.951057 22.3412 -23.7993 0
0.3158 0 0 0.948826 22.1424 -23.8308 0
0.322566 0 0 0.946547 21.9432 -23.8595 0
0.329316 0 0 0.94422 21.7436 -23.8853 0
0.336049 0 0 0.941844 21.5436 -23.9082 0
0.342766 0 0 0.939421 21.3434 -23.9283 0
0.349464 0 0 0.93695 21.1429 -23.9455 0
0.356145 0 0 0.934431 20.9421 -23.9599 0
0.362808 0 0 0.931864 20.7412 -23.9714 0
0.369452 0 0 0.92925 20.5401 -23.98 0
0.376077 0 0 0.926588 20.3389 -23.9857 0
0.382683 0 0 0.92388 20.1377 -23.9886 0
0.38927 0 0 0.921124 19.9364 -23.9886 0
0.395837 0 0 0.918321 19.7352 -23.9857 0
0.402384 0 0 0.915471 19.534 -23.98 0
0.40891 0 0 0.912575 19.3329 -23.9714 0
0.415415 0 0 0.909632 19.132 -23.9599 0
0.421899 0 0 0.906643 18.9312 -23.9455 0
0.428362 0 0 0.903607 18.7307 -23.9283 0
0.434802 0 0 0.900526 18.5304 -23.9082 0
0.441221 0 0 0.897398 18.3305 -23.8853 0
0.447617 0 0 0.894225 18.1309 -23.8595 0
0.45399 0 0 0.891007 17.9317 -23.8308 0
0.460341 0 0 0.887742 17.7329 -23.7993 0
0.466667 0 0 0.884433 17.5346 -23.765 0
0.47297 0 0 0.881078 17.3368 -23.7279 0
0.479249 0 0 0.877679 17.1395 -23.6879 0
0.485503 0 0 0.874235 16.9428 -23.6451 0
0.491733 0 0 0.870746 16.7468 -23.5995 0
0.497937 0 0 0.867213 16.5514 -23.5512 0
0.504117 0 0 0.863636 16.3568 -23.5 0
0.51027 0 0 0.860014 16.1629 -23.4461 0
0.516397 0 0 0.856349 15.9698 -23.3894 0
0.522499 0 0 0.85264 15.7775 -23.3299 0
0.528573 0 0 0.848888 15.5861 -23.2677 0
0.534621 0 0 0.845092 15.3956 -23.2028 0
0.540641 0 0 0.841254 15.206 -23.1351 0
0.546634 0 0 0.837372 15.0174 -23.0648 0
0.552598 0 0 0.833448 14.8299 -22.9918 0
0.558535 0 0 0.829481 14.6434 -22.9161 0
0.564443 0 0 0.825472 14.458 -22.8378 0
0.570323 0 0 0.821421 14.2738 -22.7568 0
0.576173 0 0 0.817328 14.0907 -22.6732 0
0.581994 0 0 0.813193 13.9088 -22.5869 0
0.587785 0 0 0.809017 13.7282 -22.4981 0
0.593547 0 0 0.8048 13.5489 -22.4068 0
0.599278 0 0 0.800541 13.3709 -22.3129 0
0.604978 0 0 0.796242 13.1942 -22.2164 0
0.610648 0 0 0.791902 13.019 -22.1174 0
0.616286 0 0 0.787522 12.8452 -22.016 0
0.621894 0 0 0.783102 12.6728 -21.912 0
0.627469 0 0 0.778642 12.502 -21.8057 0
0.633012 0 0 0.774142 12.3327 -21.6968 0
0.638524 0 0 0.769602 12.1649 -21.5856 0
0.644002 0 0 0.765024 11.9988 -21.472 0
0.649448 0 0 0.760406 11.8343 -21.3561 0
0.654861 0 0 0.75575 11.6714 -21.2378 0
0.66024 0 0 0.751055 11.5103 -21.1171 0
0.665586 0 0 0.746321 11.3509 -20.9942 0
0.670897 0 0 0.74155 11.1933 -20.8691 0
0.676175 0 0 0.736741 11.0375 -20.7417 0
0.681418 0 0 0.731895 10.8836 -20.6121 0
0.686626 0 0 0.727011 10.7315 -20.4803 0
0.6918 0 0 0.72209 10.5812 -20.3463 0
0.696938 0 0 0.717132 10.433 -20.2102 0
0.70204 0 0 0.712137 10.2866 -20.072 0
0.707107 0 0 0.707107 10.1423 -19.9318 0
0.712137 0 0 0.70204 10 -19.7894 0
0.717132 0 0 0.696938 9.85973 -19.6451 0
0.72209 0 0 0.6918 9.72154 -19.4988 0
0.727011 0 0 0.686626 9.58545 -19.3505 0
0.731895 0 0 0.681418 9.45149 -19.2003 0
0.736741 0 0 0.676175 9.31969 -19.0482 0
0.74155 0 0 0.670897 9.19008 -18.8942 0
0.746321 0 0 0.665586 9.06268 -18.7384 0
0.751055 0 0 0.66024 8.93751 -18.5808 0
0.75575 0 0 0.654861 8.81461 -18.4214 0
0.760406 0 0 0.649448 8.694 -18.2603 0
0.765024 0 0 0.644002 8.5757 -18.0975 0
0.769602 0 0 0.638524 8.45973 -17.933 0
0.774142 0 0 0.633012 8.34613 -17.7668 0
0.778642 0 0 0.627469 8.23491 -17.5991 0
0.783102 0 0 0.621894 8.1261 -17.4298 0
0.787522 0 0 0.616286 8.01972 -17.2589 0
0.791902 0 0 0.610648 7.91579 -17.0866 0
0.796242 0 0 0.604978 7.81433 -16.9128 0
0.800541 0 0 0.599278 7.71536 -16.7375 0
0.8048 0 0 0.593547 7.61891 -16.5609 0
0.809017 0 0 0.587785 7.52498 -16.3829 0
0.813193 0 0 0.581994 7.43361 -16.2035 0
0.817328 0 0 0.576173 7.34481 -16.0229 0
0.821421 0 0 0.570323 7.2586 -15.8411 0
0.825472 0 0 0.564443 7.17499 -15.658 0
0.829481 0 0 0.558535 7.094 -15.4737 0
0.833448 0 0 0.552598 7.01566 -15.2884 0
0.837372 0 0 0.546634 6.93997 -15.1019 0
0.841254 0 0 0.540641 6.86695 -14.9143 0
0.845092 0 0 0.534621 6.79661 -14.7257 0
0.848888 0 0 0.528573 6.72898 -14.5362 0
0.85264 0 0 0.522499 6.66406 -14.3457 0
0.856349 0 0 0.516397 6.60186 -14.1543 0
0.860014 0 0 0.51027 6.54241 -13.962 0
0.863636 0 0 0.504117 6.48571 -13.7689 0
0.867213 0 0 0.497937 6.43177 -13.575 0
0.870746 0 0 0.491733 6.3806 -13.3803 0
0.874235 0 0 0.485503 6.33222 -13.185 0
0.877679 0 0 0.479249 6.28664 -12.9889 0
0.881078 0 0 0.47297 6.24385 -12.7923 0
0.884433 0 0 0.466667 6.20388 -12.595 0
0.887742 0 0 0.460341 6.16674 -12.3972 0
0.891007 0 0 0.45399 6.13242 -12.1989 0
0.894225 0 0 0.447617 6.10093 -12.0001 0
0.897398 0 0 0.441221 6.07229 -11.8009 0
0.900526 0 0 0.434802 6.04649 -11.6013 0
0.903607 0 0 0.428362 6.02355 -11.4013 0
0.906643 0 0 0.421899 6.00347 -11.2011 0
0.909632 0 0 0.415415 5.98624 -11.0005 0
0.912575 0 0 0.40891 5.97189 -10.7998 0
0.915471 0 0 0.402384 5.9604 -10.5989 0
0.918321 0 0 0.395837 5.95178 -10.3978 0
0.921124 0 0 0.38927 5.94603 -10.1966 0
0.92388 0 0 0.382683 5.94316 -9.99535 0
0.926588 0 0 0.376077 5.94316 -9.79409 0
0.92925 0 0 0.369452 5.94603 -9.59285 0
0.931864 0 0 0.362808 5.95178 -9.39167 0
0.934431 0 0 0.356145 5.9604 -9.19059 0
0.93695 0 0 0.349464 5.97189 -8.98965 0
0.939421 0 0 0.342766 5.98624 -8.7889 0
0.941844 0 0 0.336049 6.00347 -8.58837 0
0.94422 0 0 0.329316 6.02355 -8.38812 0
0.946547 0 0 0.322566 6.04649 -8.18816 0
0.948826 0 0 0.3158 6.07229 -7.98856 0
0.951057 0 0 0.309017 6.10093 -7.78935 0
0.953239 0 0 0.302219 6.13242 -7.59056 0
0.955372 0 0 0.295405 6.16674 -7.39224 0
0.957457 0 0 0.288576 6.20388 -7.19444 0
0.959493 0 0 0.281733 6.24385 -6.99718 0
0.96148 0 0 0.274875 6.28664 -6.80052 0
0.963418 0 0 0.268003 6.33222 -6.60449 0
0.965307 0 0 0.261117 6.3806 -6.40912 0
0.967147 0 0 0.254218 6.43177 -6.21447 0
0.968937 0 0 0.247307 6.48571 -6.02057 0
0.970678 0 0 0.240382 6.54241 -5.82746 0
0.97237 0 0 0.233445 6.60186 -5.63518 0
0.974012 0 0 0.226497 6.66406 -5.44377 0
0.975604 0 0 0.219537 6.72898 -5.25326 0
0.977147 0 0 0.212565 6.79661 -5.0637 0
0.97864 0 0 0.205583 6.86695 -4.87513 0
0.980083 0 0 0.19859 6.93997 -4.68758 0
0.981475 0 0 0.191588 7.01566 -4.50109 0
0.982818 0 0 0.184575 7.094 -4.3157 0
0.984111 0 0 0.177553 7.17499 -4.13145 0
0.985354 0 0 0.170522 7.2586 -3.94837 0
0.986546 0 0 0.163482 7.34481 -3.76651 0
0.987688 0 0 0.156434 7.43361 -3.5859 0
0.98878 0 0 0.149378 7.52498 -3.40657 0
0.989821 0 0 0.142315 7.61891 -3.22857 0
0.990812 0 0 0.135244 7.71536 -3.05192 0
0.991753 0 0 0.128166 7.81433 -2.87667 0
0.992643 0 0 0.121082 7.91579 -2.70285 0
0.993482 0 0 0.113991 8.01972 -2.5305 0
0.99427 0 0 0.106895 8.1261 -2.35965 0
0.995008 0 0 0.0997934 8.23491 -2.19034 0
0.995695 0 0 0.0926866 8.34613 -2.02259 0
0.996332 0 0 0.085575 8.45973 -1.85646 0
0.996917 0 0 0.0784591 8.5757 -1.69196 0
0.997452 0 0 0.0713392 8.694 -1.52913 0
0.997936 0 0 0.0642156 8.81461 -1.36801 0
0.998369 0 0 0.0570888 8.93751 -1.20863 0
0.998751 0 0 0.0499591 9.06268 -1.05102 0
0.999083 0 0 0.0428268 9.19008 -0.895216 0
0.999363 0 0 0.0356923 9.31969 -0.741245 0
0.999592 0 0 0.0285561 9.45149 -0.58914 0
0.999771 0 0 0.0214183 9.58545 -0.438932 0
0.999898 0 0 0.0142795 9.72154 -0.290653 0
0.999975 0 0 0.00713992 9.85973 -0.144333 0
