0 10 0 0 0 0 0 1
1 10.1423 0.142315 -0.00955939 0 0 -0.00713992 0.999975
2 10.2866 0.281127 -0.00955939 0 0 -0.0142795 0.999898
3 10.4462 0.420745 -0.00955939 0 0 -0.0214183 0.999771
4 10.587 0.55726 0.0111026 0 0 -0.0285561 0.999592
5 10.7421 0.690869 0.00343463 0 0 -0.0356923 0.999363
6 10.9007 0.822114 -0.00296666 0 0 -0.0428268 0.999083
7 11.0579 0.951401 -0.00861681 0 0 -0.0499591 0.998751
8 11.2137 1.0788 -0.0275256 0 0 -0.0570888 0.998369
9 11.371 1.20109 -0.0365627 0 0 -0.0642156 0.997936
10 11.5332 1.32359 -0.0365627 0 0 -0.0713392 0.997452
11 11.6935 1.439 -0.0365627 0 0 -0.0784591 0.996917
12 11.8495 1.55934 -0.0340065 0 0 -0.085575 0.996332
13 12.0227 1.67367 -0.0177544 0 0 -0.0926866 0.995695
14 12.1889 1.7873 -0.0177544 0 0 -0.0997934 0.995008
15 12.3496 1.89019 -0.0177544 0 0 -0.106895 0.99427
16 12.5189 1.99892 -0.0177544 0 0 -0.113991 0.993482
17 12.6903 2.1072 -0.0177544 0 0 -0.121082 0.992643
18 12.8639 2.21598 -0.0177544 0 0 -0.128166 0.991753
19 13.0381 2.31889 -0.0177544 0 0 -0.135244 0.990812
20 13.2153 2.41728 -0.0177544 0 0 -0.142315 0.989821
21 13.3892 2.51459 -0.0366844 0 0 -0.149378 0.98878
22 13.5672 2.60851 -0.0366844 0 0 -0.156434 0.987688
23 13.7396 2.7049 -0.0514838 0 0 -0.163482 0.986546
24 13.9208 2.79542 -0.0514838 0 0 -0.170522 0.985354
25 14.1027 2.88163 -0.0529617 0 0 -0.177553 0.984111
26 14.2813 2.96803 -0.0505613 0 0 -0.184575 0.982818
27 14.4655 3.04902 -0.0392272 0 0 -0.191588 0.981475
28 14.6495 3.11146 -0.0392272 0 0 -0.19859 0.980083
29 14.8357 3.18647 -0.040942 0 0 -0.205583 0.97864
30 15.0233 3.25949 -0.040942 0 0 -0.212565 0.977147
31 15.2164 3.32764 -0.026532 0 0 -0.219537 0.975604
32 15.4062 3.39504 -0.0270797 0 0 -0.226497 0.974012
33 15.5985 3.45903 -0.0270797 0 0 -0.233445 0.97237
34 15.7899 3.52122 -0.0270797 0 0 -0.240382 0.970678
35 15.9828 3.57914 -0.0255322 0 0 -0.247307 0.968937
36 16.1772 3.63818 -0.0255322 0 0 -0.254218 0.967147
37 16.3711 3.69212 -0.0276682 0 0 -0.261117 0.965307
38 16.5658 3.74328 -0.0276682 0 0 -0.268003 0.963418
39 16.7702 3.78993 -0.0276682 0 0 -0.274875 0.96148
40 16.9651 3.8339 -0.0276682 0 0 -0.281733 0.959493
41 17.1642 3.88034 -0.0276682 0 0 -0.288576 0.957457
42 17.3625 3.92182 -0.0237428 0 0 -0.295405 0.955372
43 17.5603 3.95897 -0.0114286 0 0 -0.302219 0.953239
44 17.7587 3.99329 -0.0114286 0 0 -0.309017 0.951057
45 17.9478 4.03481 -0.0114286 0 0 -0.3158 0.948826
46 18.147 4.06346 -0.02088 0 0 -0.322566 0.946547
47 18.3518 4.08512 -0.0261526 0 0 -0.329316 0.94422
48 18.5477 4.10831 -0.0261526 0 0 -0.336049 0.941844
49 18.7448 4.1311 -0.00304447 0 0 -0.342766 0.939421
50 18.9452 4.14815 -0.00304447 0 0 -0.349464 0.93695
51 19.1476 4.16105 -0.00304447 0 0 -0.356145 0.934431
52 19.352 4.17148 -0.00304447 0 0 -0.362808 0.931864
53 19.5524 4.18099 -0.00238764 0 0 -0.369452 0.92925
54 19.7453 4.1772 -0.020586 0 0 -0.376077 0.926588
55 19.958 4.17281 -0.020586 0 0 -0.382683 0.92388
56 20.1601 4.17188 -0.0314361 0 0 -0.38927 0.921124
57 20.3587 4.17183 -0.0314361 0 0 -0.395837 0.918321
58 20.5688 4.15636 -0.0314361 0 0 -0.402384 0.915471
59 20.7696 4.14809 -0.0314361 0 0 -0.40891 0.912575
60 20.9705 4.1366 -0.034731 0 0 -0.415415 0.909632
61 21.1696 4.12083 -0.0289402 0 0 -0.421899 0.906643
62 21.3701 4.10361 -0.0289402 0 0 -0.428362 0.903607
63 21.572 4.08484 -0.032086 0 0 -0.434802 0.900526
64 21.772 4.06189 -0.032086 0 0 -0.441221 0.897398
65 21.9714 4.03635 -0.0448569 0 0 -0.447617 0.894225
66 22.1553 4.01734 -0.0251108 0 0 -0.45399 0.891007
67 22.3517 3.98926 -0.0210623 0 0 -0.460341 0.887742
68 22.5478 3.95586 -0.0285809 0 0 -0.466667 0.884433
69 22.7457 3.91871 -0.0285809 0 0 -0.47297 0.881078
70 22.9429 3.87874 -0.0285809 0 0 -0.479249 0.877679
71 23.1396 3.83596 -0.0268587 0 0 -0.485503 0.874235
72 23.3314 3.78785 -0.0268587 0 0 -0.491733 0.870746
73 23.5272 3.74097 -0.0268587 0 0 -0.497937 0.867213
74 23.7219 3.6898 -0.0268587 0 0 -0.504117 0.863636
75 23.9119 3.63375 -0.0196793 0 0 -0.51027 0.860014
76 24.105 3.57705 -0.0315884 0 0 -0.516397 0.856349
77 24.294 3.52037 -0.0315884 0 0 -0.522499 0.85264
78 24.4806 3.46027 -0.0259669 0 0 -0.528573 0.848888
79 24.6732 3.39101 -0.0191742 0 0 -0.534621 0.845092
80 24.8604 3.3285 -0.0191742 0 0 -0.540641 0.841254
81 25.0435 3.27066 -0.0191742 0 0 -0.546634 0.837372
82 25.231 3.19764 -0.0314521 0 0 -0.552598 0.833448
83 25.4175 3.12195 -0.0471191 0 0 -0.558535 0.829481
84 25.6046 3.03928 -0.0471191 0 0 -0.564443 0.825472
85 25.7802 2.95508 -0.0471191 0 0 -0.570323 0.821421
86 25.9615 2.88484 -0.0362745 0 0 -0.576173 0.817328
87 26.1422 2.79965 -0.0468195 0 0 -0.581994 0.813193
88 26.3262 2.71194 -0.0342897 0 0 -0.587785 0.809017
89 26.5037 2.62651 -0.0342897 0 0 -0.593547 0.8048
90 26.691 2.53533 -0.0196804 0 0 -0.599278 0.800541
91 26.87 2.43952 -0.0196804 0 0 -0.604978 0.796242
92 27.0498 2.34174 -0.0196804 0 0 -0.610648 0.791902
93 27.2236 2.24028 -0.0196804 0 0 -0.616286 0.787522
94 27.3992 2.1371 -0.0120978 0 0 -0.621894 0.783102
95 27.5815 2.03321 -0.0120978 0 0 -0.627469 0.778642
96 27.7623 1.92674 -0.0120978 0 0 -0.633012 0.774142
97 27.9301 1.81544 -0.0120978 0 0 -0.638524 0.769602
98 28.0964 1.70084 -0.0270515 0 0 -0.644002 0.765024
99 28.2596 1.59338 -0.0379948 0 0 -0.649448 0.760406
100 28.4209 1.48366 -0.0379948 0 0 -0.654861 0.75575
101 28.5823 1.3613 -0.0379948 0 0 -0.66024 0.751055
102 28.7417 1.2384 -0.0484685 0 0 -0.665586 0.746321
103 28.8931 1.10718 -0.0589564 0 0 -0.670897 0.74155
104 29.0568 0.980455 -0.0463191 0 0 -0.676175 0.736741
105 29.2105 0.851593 -0.04542 0 0 -0.681418 0.731895
106 29.3525 0.721458 -0.0274713 0 0 -0.686626 0.727011
107 29.5033 0.574253 -0.0160954 0 0 -0.6918 0.72209
108 29.6534 0.438997 -0.0160954 0 0 -0.696938 0.717132
109 29.8028 0.303645 -0.0160954 0 0 -0.70204 0.712137
110 29.9472 0.162969 -0.0184118 0 0 -0.707107 0.707107
111 30.0895 0.0206546 -0.00582105 0 0 -0.712137 0.70204
112 30.2298 -0.123678 -0.0178636 0 0 -0.717132 0.696938
113 30.368 -0.269999 -0.0178636 0 0 -0.72209 0.6918
114 30.5042 -0.416019 -0.0178636 0 0 -0.727011 0.686626
115 30.6312 -0.565734 -0.0178636 0 0 -0.731895 0.681418
116 30.763 -0.717839 -0.0178636 0 0 -0.736741 0.676175
117 30.8927 -0.87181 -0.0181859 0 0 -0.74155 0.670897
118 31.0206 -1.02373 -0.0181859 0 0 -0.746321 0.665586
119 31.1501 -1.1884 -0.0181859 0 0 -0.751055 0.66024
120 31.273 -1.34778 -0.0181859 0 0 -0.75575 0.654861
121 31.3958 -1.50692 -0.0147133 0 0 -0.760406 0.649448
122 31.5141 -1.66975 -0.0147133 0 0 -0.765024 0.644002
123 31.6137 -1.83118 -0.0147133 0 0 -0.769602 0.638524
124 31.7276 -1.99596 -0.013875 0 0 -0.774142 0.633012
125 31.8413 -2.15197 -0.0147392 0 0 -0.778642 0.627469
126 31.9501 -2.32128 -0.00530705 0 0 -0.783102 0.621894
127 32.0584 -2.48445 -0.00530705 0 0 -0.787522 0.616286
128 32.1623 -2.65681 -0.00478961 0 0 -0.791902 0.610648
129 32.2629 -2.83383 -0.00478961 0 0 -0.796242 0.604978
130 32.3645 -3.00011 -0.00478961 0 0 -0.800541 0.599278
131 32.461 -3.17676 -0.00478961 0 0 -0.8048 0.593547
132 32.5561 -3.35514 -0.0065662 0 0 -0.809017 0.587785
133 32.6443 -3.54377 -0.0129511 0 0 -0.813193 0.581994
134 32.7319 -3.7277 -0.0177242 0 0 -0.817328 0.576173
135 32.8185 -3.90844 -0.0177242 0 0 -0.821421 0.570323
136 32.9003 -4.09631 -0.0177242 0 0 -0.825472 0.564443
137 32.9809 -4.28148 -0.0177242 0 0 -0.829481 0.558535
138 33.0603 -4.46424 -0.0177242 0 0 -0.833448 0.552598
139 33.1366 -4.65132 -0.0162407 0 0 -0.837372 0.546634
140 33.2075 -4.84369 -0.0105016 0 0 -0.841254 0.540641
141 33.2778 -5.03226 -0.0105016 0 0 -0.845092 0.534621
142 33.3447 -5.22337 -0.00595899 0 0 -0.848888 0.528573
143 33.4143 -5.41626 -0.00595899 0 0 -0.85264 0.522499
144 33.473 -5.60585 -0.00595899 0 0 -0.856349 0.516397
145 33.5324 -5.79836 -0.00595899 0 0 -0.860014 0.51027
146 33.5891 -5.99147 -0.00384247 0 0 -0.863636 0.504117
147 33.643 -6.18537 -0.0014928 0 0 0.867213 -0.497937
148 33.6936 -6.38103 -0.0014928 0 0 0.870746 -0.491733
149 33.7425 -6.57671 -0.0014928 0 0 0.874235 -0.485503
150 33.7808 -6.7681 0.018636 0 0 0.877679 -0.479249
151 33.8235 -6.97299 0.0273501 0 0 0.881078 -0.47297
152 33.8636 -7.17008 0.0273501 0 0 0.884433 -0.466667
153 33.9007 -7.36788 0.0273501 0 0 0.887742 -0.460341
154 33.9329 -7.56468 0.0234938 0 0 0.891007 -0.45399
155 33.9706 -7.76805 0.0106023 0 0 0.894225 -0.447617
156 34.0027 -7.96995 0.000866221 0 0 0.897398 -0.441221
157 34.0285 -8.16956 0.0045529 0 0 0.900526 -0.434802
158 34.0514 -8.36951 0.0045529 0 0 0.903607 -0.428362
159 34.0758 -8.56471 0.0045529 0 0 0.906643 -0.421899
160 34.0908 -8.76771 0.0045529 0 0 0.909632 -0.415415
161 34.1043 -8.96762 0.00668196 0 0 0.912575 -0.40891
162 34.1167 -9.16751 0.00393272 0 0 0.915471 -0.402384
163 34.1253 -9.36859 0.0143458 0 0 0.918321 -0.395837
164 34.1311 -9.56978 -0.0110687 0 0 0.921124 -0.38927
165 34.1271 -9.76413 0.00578638 0 0 0.92388 -0.382683
166 34.1209 -9.96689 0.00072603 0 0 0.926588 -0.376077
167 34.118 -10.1681 0.0051286 0 0 0.92925 -0.369452
168 34.1123 -10.3693 0.0051286 0 0 0.931864 -0.362808
169 34.1042 -10.571 0.0051286 0 0 0.934431 -0.356145
170 34.0886 -10.7755 0.00134991 0 0 0.93695 -0.349464
171 34.0741 -10.9764 0.000339699 0 0 0.939421 -0.342766
172 34.0563 -11.1774 0.00403636 0 0 0.941844 -0.336049
173 34.0362 -11.3776 0.0253657 0 0 0.94422 -0.329316
174 34.0132 -11.5776 0.0253657 0 0 0.946547 -0.322566
175 33.9864 -11.7787 0.0233996 0 0 0.948826 -0.3158
176 33.9578 -11.978 0.0233996 0 0 0.951057 -0.309017
177 33.9263 -12.1767 0.0268029 0 0 0.953239 -0.302219
178 33.892 -12.3751 0.0268029 0 0 0.955372 -0.295405
179 33.8616 -12.5832 0.0268029 0 0 0.957457 -0.288576
180 33.8213 -12.7799 0.0268029 0 0 0.959493 -0.281733
181 33.7802 -12.9792 0.0268029 0 0 0.96148 -0.274875
182 33.7349 -13.1755 0.027419 0 0 0.963418 -0.268003
183 33.6865 -13.3708 0.027419 0 0 0.965307 -0.261117
184 33.6374 -13.5692 0.0212181 0 0 0.967147 -0.254218
185 33.5835 -13.7631 0.0278637 0 0 0.968937 -0.247307
186 33.5278 -13.9557 0.0377207 0 0 0.970678 -0.240382
187 33.4676 -14.1484 0.0377207 0 0 0.97237 -0.233445
188 33.4051 -14.3368 0.0333245 0 0 0.974012 -0.226497
189 33.3481 -14.5294 0.0333245 0 0 0.975604 -0.219537
190 33.2808 -14.7198 0.0317868 0 0 0.977147 -0.212565
191 33.2208 -14.9135 0.0565877 0 0 0.97864 -0.205583
192 33.1481 -15.102 0.0786638 0 0 0.980083 -0.19859
193 33.0724 -15.2885 0.0786638 0 0 0.981475 -0.191588
194 32.9949 -15.4597 0.101567 0 0 0.982818 -0.184575
195 32.9139 -15.644 0.0965977 0 0 0.984111 -0.177553
196 32.8312 -15.8267 0.0986589 0 0 0.985354 -0.170522
197 32.745 -16.0085 0.0986589 0 0 0.986546 -0.163482
198 32.6562 -16.1892 0.0986589 0 0 0.987688 -0.156434
199 32.568 -16.3675 0.0986589 0 0 0.98878 -0.149378
200 32.4739 -16.5452 0.0981057 0 0 0.989821 -0.142315
201 32.3787 -16.7215 0.0981057 0 0 0.990812 -0.135244
202 32.2792 -16.8948 0.0981057 0 0 0.991753 -0.128166
203 32.181 -17.0678 0.0968386 0 0 0.992643 -0.121082
204 32.0777 -17.243 0.0968386 0 0 0.993482 -0.113991
205 31.9714 -17.4139 0.0968386 0 0 0.99427 -0.106895
206 31.8596 -17.5838 0.108871 0 0 0.995008 -0.0997934
207 31.7484 -17.7516 0.108871 0 0 0.995695 -0.0926866
208 31.6337 -17.9179 0.108871 0 0 0.996332 -0.085575
209 31.5025 -18.0848 0.108871 0 0 0.996917 -0.0784591
210 31.3841 -18.2476 0.120443 0 0 0.997452 -0.0713392
211 31.2641 -18.4087 0.133608 0 0 0.997936 -0.0642156
212 31.1412 -18.568 0.133608 0 0 0.998369 -0.0570888
213 31.016 -18.7257 0.133608 0 0 0.998751 -0.0499591
214 30.8888 -18.8814 0.133608 0 0 0.999083 -0.0428268
215 30.7624 -19.0352 0.136333 0 0 0.999363 -0.0356923
216 30.6306 -19.1873 0.124743 0 0 0.999592 -0.0285561
217 30.4961 -19.3247 0.124743 0 0 0.999771 -0.0214183
218 30.3599 -19.4731 0.124743 0 0 0.999898 -0.0142795
219 30.2217 -19.6228 0.124743 0 0 0.999975 -0.00713992
220 30.0815 -19.7564 0.108055 0 0 1 -6.41848e-17
221 29.9392 -19.8987 0.102655 0 0 0.999975 0.00713992
222 29.7948 -20.039 0.102655 0 0 0.999898 0.0142795
223 29.6485 -20.1772 0.12248 0 0 0.999771 0.0214183
224 29.5007 -20.3133 0.123346 0 0 0.999592 0.0285561
225 29.3505 -20.4473 0.119371 0 0 0.999363 0.0356923
226 29.1883 -20.5783 0.119371 0 0 0.999083 0.0428268
227 29.0344 -20.7079 0.119467 0 0 0.998751 0.0499591
228 28.8786 -20.8353 0.119626 0 0 0.998369 0.0570888
229 28.7188 -20.9602 0.119626 0 0 0.997936 0.0642156
230 28.5602 -21.0776 0.119626 0 0 0.997452 0.0713392
231 28.3963 -21.1993 0.122498 0 0 0.996917 0.0784591
232 28.2187 -21.3179 0.122498 0 0 0.996332 0.085575
233 28.0542 -21.4341 0.122498 0 0 0.995695 0.0926866
234 27.8877 -21.5468 0.122498 0 0 0.995008 0.0997934
235 27.7195 -21.6579 0.122498 0 0 0.99427 0.106895
236 27.5504 -21.7689 0.122498 0 0 0.993482 0.113991
237 27.3796 -21.8753 0.122498 0 0 0.992643 0.121082
238 27.2072 -21.9792 0.122498 0 0 0.991753 0.128166
239 27.0356 -22.0776 0.122498 0 0 0.990812 0.135244
240 26.8604 -22.1763 0.123766 0 0 0.989821 0.142315
241 26.6781 -22.2793 0.107395 0 0 0.98878 0.149378
242 26.5022 -22.3837 0.107395 0 0 0.987688 0.156434
243 26.3275 -22.4766 0.0963251 0 0 0.986546 0.163482
244 26.1377 -22.5621 0.0963251 0 0 0.985354 0.170522
245 25.9564 -22.6436 0.102941 0 0 0.984111 0.177553
246 25.773 -22.7271 0.102941 0 0 0.982818 0.184575
247 25.5917 -22.8011 0.0878363 0 0 0.981475 0.191588
248 25.4056 -22.8809 0.0878363 0 0 0.980083 0.19859
249 25.2199 -22.9549 0.0851584 0 0 0.97864 0.205583
250 25.0324 -23.0279 0.0851584 0 0 0.977147 0.212565
251 24.8425 -23.0976 0.0851584 0 0 0.975604 0.219537
252 24.6538 -23.1657 0.0851584 0 0 0.974012 0.226497
253 24.4633 -23.2306 0.091762 0 0 0.97237 0.233445
254 24.2638 -23.2885 0.091762 0 0 0.970678 0.240382
255 24.0685 -23.3551 0.10607 0 0 0.968937 0.247307
256 23.8678 -23.4167 0.10607 0 0 0.967147 0.254218
257 23.6741 -23.4703 0.101664 0 0 0.965307 0.261117
258 23.4729 -23.5322 0.0837422 0 0 0.963418 0.268003
259 23.2775 -23.5806 0.0837422 0 0 0.96148 0.274875
260 23.0814 -23.6263 0.0837422 0 0 0.959493 0.281733
261 22.8857 -23.6698 0.0837422 0 0 0.957457 0.288576
262 22.6909 -23.7062 0.0837422 0 0 0.955372 0.295405
263 22.4931 -23.7433 0.0837422 0 0 0.953239 0.302219
264 22.2929 -23.7803 0.0837422 0 0 0.951057 0.309017
265 22.0935 -23.8107 0.0837422 0 0 0.948826 0.3158
266 21.8943 -23.8393 0.10579 0 0 0.946547 0.322566
267 21.6949 -23.8663 0.10579 0 0 0.94422 0.329316
268 21.4949 -23.8892 0.103041 0 0 0.941844 0.336049
269 21.2972 -23.9057 0.103041 0 0 0.939421 0.342766
270 21.094 -23.9254 0.103041 0 0 0.93695 0.349464
271 20.8906 -23.9428 0.110475 0 0 0.934431 0.356145
272 20.6877 -23.9563 0.110475 0 0 0.931864 0.362808
273 20.484 -23.9656 0.110475 0 0 0.92925 0.369452
274 20.2828 -23.9714 0.110475 0 0 0.926588 0.376077
275 20.0816 -23.9742 0.110475 0 0 0.92388 0.382683
276 19.8799 -23.9738 0.111125 0 0 0.921124 0.38927
277 19.6767 -23.9689 0.111125 0 0 0.918321 0.395837
278 19.4756 -23.9631 0.111125 0 0 0.915471 0.402384
279 19.2687 -23.948 0.117145 0 0 0.912575 0.40891
280 19.064 -23.9355 0.117145 0 0 0.909632 0.415415
281 18.8632 -23.9212 0.110645 0 0 0.906643 0.421899
282 18.6627 -23.904 0.110645 0 0 0.903607 0.428362
283 18.4615 -23.8846 0.110645 0 0 0.900526 0.434802
284 18.2615 -23.8617 0.110853 0 0 0.897398 0.441221
285 18.0653 -23.836 0.110853 0 0 0.894225 0.447617
286 17.8649 -23.8058 0.110853 0 0 0.891007 0.45399
287 17.6668 -23.7546 0.0903164 0 0 0.887742 0.460341
288 17.462 -23.7247 0.0790767 0 0 0.884433 0.466667
289 17.2681 -23.685 0.0790767 0 0 0.881078 0.47297
290 17.0841 -23.6339 0.108715 0 0 0.877679 0.479249
291 16.8846 -23.5867 0.10028 0 0 0.874235 0.485503
292 16.6815 -23.5293 0.102323 0 0 0.870746 0.491733
293 16.4899 -23.4812 0.10867 0 0 0.867213 0.497937
294 16.2951 -23.4302 0.109032 0 0 0.863636 0.504117
295 16.1012 -23.3763 0.109032 0 0 0.860014 0.51027
296 15.9081 -23.3196 0.109032 0 0 0.856349 0.516397
297 15.7191 -23.2709 0.101559 0 0 0.85264 0.522499
298 15.5305 -23.2045 0.101559 0 0 0.848888 0.528573
299 15.3414 -23.1396 0.0992114 0 0 0.845092 0.534621
300 15.1518 -23.0683 0.0870219 0 0 0.841254 0.540641
301 14.9672 -22.9965 0.0772469 0 0 0.837372 0.546634
302 14.7804 -22.9232 0.0825195 0 0 0.833448 0.552598
303 14.5934 -22.8477 0.0835455 0 0 0.829481 0.558535
304 14.4127 -22.7816 0.0835455 0 0 0.825472 0.564443
305 14.2274 -22.6978 0.0890039 0 0 0.821421 0.570323
306 14.0444 -22.6142 0.0890039 0 0 0.817328 0.576173
307 13.8625 -22.528 0.0819013 0 0 0.813193 0.581994
308 13.6815 -22.4379 0.0809895 0 0 0.809017 0.587785
309 13.5027 -22.3463 0.0822806 0 0 0.8048 0.593547
310 13.3094 -22.2487 0.0589247 0 0 0.800541 0.599278
311 13.1328 -22.1522 0.0587146 0 0 0.796242 0.604978
312 12.9554 -22.0538 0.0555771 0 0 0.791902 0.610648
313 12.7816 -21.9523 0.0555771 0 0 0.787522 0.616286
314 12.6093 -21.8484 0.0296763 0 0 0.783102 0.621894
315 12.4384 -21.742 0.0296763 0 0 0.778642 0.627469
316 12.2663 -21.6338 0.0296763 0 0 0.774142 0.633012
317 12.0949 -21.5219 0.0296763 0 0 0.769602 0.638524
318 11.9307 -21.4069 0.0376593 0 0 0.765024 0.644002
319 11.7667 -21.2942 0.0376593 0 0 0.760406 0.649448
320 11.6041 -21.1771 0.0376593 0 0 0.75575 0.654861
321 11.443 -21.0565 0.0520988 0 0 0.751055 0.66024
322 11.2831 -20.9295 0.0520988 0 0 0.746321 0.665586
323 11.1256 -20.8056 0.0483283 0 0 0.74155 0.670897
324 10.9635 -20.6804 0.0483283 0 0 0.736741 0.676175
325 10.8095 -20.5506 0.048114 0 0 0.731895 0.681418
326 10.6575 -20.421 0.0430996 0 0 0.727011 0.686626
327 10.5073 -20.2877 0.0479254 0 0 0.72209 0.6918
328 10.366 -20.1514 0.0479254 0 0 0.717132 0.696938
329 10.2322 -20.013 0.0479254 0 0 0.712137 0.70204
330 10.0878 -19.8765 0.0479254 0 0 0.707107 0.707107
331 9.94556 -19.7317 0.0479254 0 0 0.70204 0.712137
332 9.82627 -19.588 0.015786 0 0 0.696938 0.717132
333 9.68813 -19.4416 0.0147551 0 0 0.6918 0.72209
334 9.55211 -19.292 0.0160979 0 0 0.686626 0.727011
335 9.41808 -19.1429 0.0205629 0 0 0.681418 0.731895
336 9.28259 -18.9981 0.0205629 0 0 0.676175 0.736741
337 9.15263 -18.8476 0.0143015 0 0 0.670897 0.74155
338 9.01005 -18.7061 0.0143015 0 0 0.665586 0.746321
339 8.88348 -18.5483 0.016523 0 0 0.66024 0.751055
340 8.76398 -18.3783 0.0110869 0 0 0.654861 0.75575
341 8.64192 -18.2191 0.0170189 0 0 0.649448 0.760406
342 8.52672 -18.0568 0.0170189 0 0 0.644002 0.765024
343 8.42353 -17.8947 0.0170189 0 0 0.638524 0.769602
344 8.32274 -17.7311 0.0376782 0 0 0.633012 0.774142
345 8.20914 -17.5629 0.0376782 0 0 0.627469 0.778642
346 8.10132 -17.3893 0.0275947 0 0 0.621894 0.783102
347 7.99401 -17.2182 0.024814 0 0 0.616286 0.787522
348 7.89103 -17.0461 0.0287542 0 0 0.610648 0.791902
349 7.788 -16.8719 0.0287542 0 0 0.604978 0.796242
350 7.68563 -16.6956 0.0287542 0 0 0.599278 0.800541
351 7.59224 -16.5091 0.0287542 0 0 0.593547 0.8048
352 7.49753 -16.3335 0.0287542 0 0 0.587785 0.809017
353 7.39979 -16.152 0.0425143 0 0 0.581994 0.813193
354 7.31833 -15.9508 0.0538815 0 0 0.576173 0.817328
355 7.23376 -15.7696 0.0538815 0 0 0.570323 0.821421
356 7.15015 -15.5865 0.0538815 0 0 0.564443 0.825472
357 7.06856 -15.3961 0.0475001 0 0 0.558535 0.829481
358 6.99022 -15.2107 0.0336613 0 0 0.552598 0.833448
359 6.91328 -15.0271 0.0371149 0 0 0.546634 0.837372
360 6.83722 -14.8381 0.0371149 0 0 0.540641 0.841254
361 6.76811 -14.6501 0.051044 0 0 0.534621 0.845092
362 6.70807 -14.4643 0.0366817 0 0 0.528573 0.848888
363 6.64414 -14.2719 0.0366817 0 0 0.522499 0.85264
364 6.58197 -14.0805 0.0364846 0 0 0.516397 0.856349
365 6.52251 -13.8882 0.0380683 0 0 0.51027 0.860014
366 6.45708 -13.7105 0.0380683 0 0 0.504117 0.863636
367 6.40315 -13.5166 0.0380683 0 0 0.497937 0.867213
368 6.35198 -13.322 0.0380683 0 0 0.491733 0.870746
369 6.3036 -13.1266 0.0380683 0 0 0.485503 0.874235
370 6.25802 -12.9306 0.0481859 0 0 0.479249 0.877679
371 6.21472 -12.7334 0.0481859 0 0 0.47297 0.881078
372 6.17489 -12.536 0.0481859 0 0 0.466667 0.884433
373 6.13774 -12.3382 0.0464205 0 0 0.460341 0.887742
374 6.0998 -12.1449 0.0515852 0 0 0.45399 0.891007
375 6.06912 -11.945 0.0515852 0 0 0.447617 0.894225
376 6.04081 -11.7453 0.0515852 0 0 0.441221 0.897398
377 6.01936 -11.5492 0.0515852 0 0 0.434802 0.900526
378 5.99755 -11.3499 0.0515852 0 0 0.428362 0.903607
379 5.97739 -11.1496 0.0515852 0 0 0.421899 0.906643
380 5.95316 -10.944 0.0515852 0 0 0.415415 0.909632
381 5.93764 -10.7422 0.0515852 0 0 0.40891 0.912575
382 5.92355 -10.5441 0.0540581 0 0 0.402384 0.915471
383 5.9238 -10.3488 0.0692941 0 0 0.395837 0.918321
384 5.91803 -10.147 0.0692941 0 0 0.38927 0.921124
385 5.91647 -9.95774 0.0692941 0 0 0.382683 0.92388
386 5.92044 -9.75263 0.0692941 0 0 0.376077 0.926588
387 5.9222 -9.55021 0.0692941 0 0 0.369452 0.92925
388 5.92338 -9.34405 0.0692941 0 0 0.362808 0.931864
389 5.9332 -9.14432 0.0613658 0 0 0.356145 0.934431
390 5.93876 -8.94832 0.0613658 0 0 0.349464 0.93695
391 5.95262 -8.74697 0.0613658 0 0 0.342766 0.939421
392 5.96534 -8.55012 0.0672188 0 0 0.336049 0.941844
393 5.98542 -8.34986 0.0672188 0 0 0.329316 0.94422
394 6.01134 -8.15081 0.0543735 0 0 0.322566 0.946547
395 6.03976 -7.95472 0.0436457 0 0 0.3158 0.948826
396 6.06663 -7.75679 0.0436457 0 0 0.309017 0.951057
397 6.08151 -7.55242 0.0646201 0 0 0.302219 0.953239
398 6.11146 -7.35925 0.0716626 0 0 0.295405 0.955372
399 6.14814 -7.16076 0.0696521 0 0 0.288576 0.957457
400 6.19174 -6.96915 0.0696521 0 0 0.281733 0.959493
401 6.22308 -6.77961 0.0696521 0 0 0.274875 0.96148
402 6.28809 -6.58064 0.0696521 0 0 0.268003 0.963418
403 6.33649 -6.38502 0.0703227 0 0 0.261117 0.965307
404 6.39427 -6.19845 0.0703227 0 0 0.254218 0.967147
405 6.45154 -6.00274 0.0734397 0 0 0.247307 0.968937
406 6.50824 -5.80963 0.0743396 0 0 0.240382 0.970678
407 6.56291 -5.60796 0.0544429 0 0 0.233445 0.97237
408 6.62511 -5.41655 0.0553281 0 0 0.226497 0.974012
409 6.69003 -5.22605 0.0517951 0 0 0.219537 0.975604
410 6.75935 -5.04019 0.0517951 0 0 0.212565 0.977147
411 6.82969 -4.85161 0.0517951 0 0 0.205583 0.97864
412 6.90271 -4.66406 0.0517951 0 0 0.19859 0.980083
413 6.9784 -4.47757 0.0573633 0 0 0.191588 0.981475
414 7.05683 -4.2924 0.0573633 0 0 0.184575 0.982818
415 7.13898 -4.10383 0.049966 0 0 0.177553 0.984111
416 7.22207 -3.92094 0.049966 0 0 0.170522 0.985354
417 7.31361 -3.74212 0.0632892 0 0 0.163482 0.986546
418 7.40241 -3.5615 0.0772259 0 0 0.156434 0.987688
419 7.49385 -3.38238 0.0772259 0 0 0.149378 0.98878
420 7.58899 -3.20422 0.0772259 0 0 0.142315 0.989821
421 7.6884 -3.0382 0.0566126 0 0 0.135244 0.990812
422 7.78746 -2.86332 0.0566126 0 0 0.128166 0.991753
423 7.88892 -2.6895 0.0566126 0 0 0.121082 0.992643
424 7.99076 -2.51764 0.0610416 0 0 0.113991 0.993482
425 8.09623 -2.3426 0.0516405 0 0 0.106895 0.99427
426 8.20349 -2.17206 0.0516405 0 0 0.0997934 0.995008
427 8.31562 -2.0092 0.0610553 0 0 0.0926866 0.995695
428 8.42923 -1.84307 0.0610553 0 0 0.085575 0.996332
429 8.54995 -1.67781 0.0625235 0 0 0.0784591 0.996917
430 8.67528 -1.51398 0.0540219 0 0 0.0713392 0.997452
431 8.7959 -1.35286 0.0540219 0 0 0.0642156 0.997936
432 8.9188 -1.19348 0.0540219 0 0 0.0570888 0.998369
433 9.04125 -1.05627 0.0232383 0 0 0.0499591 0.998751
434 9.16353 -0.897721 0.030793 0 0 0.0428268 0.999083
435 9.29307 -0.742794 0.0369696 0 0 0.0356923 0.999363
436 9.42626 -0.594541 0.0369696 0 0 0.0285561 0.999592
437 9.56022 -0.444382 0.0372084 0 0 0.0214183 0.999771
438 9.69631 -0.296103 0.0290432 0 0 0.0142795 0.999898
439 9.82473 -0.144958 0.0290432 0 0 0.00713992 0.999975
