0 9.97979 -0.00553622 -0.00686046 0 0 0 1
1 10.1221 0.136779 -0.0198803 0 0 -0.00713992 0.999975
2 10.2607 0.27721 -0.0198803 0 0 -0.0142795 0.999898
3 10.4073 0.421496 -0.0198803 0 0 -0.0214183 0.999771
4 10.5572 0.549732 -0.0061968 0 0 -0.0285561 0.999592
5 10.7157 0.679279 0.00365431 0 0 -0.0356923 0.999363
6 10.8678 0.811079 0.00365431 0 0 -0.0428268 0.999083
7 11.0066 0.942213 -0.00666762 0 0 -0.0499591 0.998751
8 11.1613 1.05924 -0.00666762 0 0 -0.0570888 0.998369
9 11.3161 1.18879 -0.00862224 0 0 -0.0642156 0.997936
10 11.4755 1.3117 -0.00862224 0 0 -0.0713392 0.997452
11 11.6366 1.43231 -0.00862224 0 0 -0.0784591 0.996917
12 11.7994 1.55061 -0.00862224 0 0 -0.085575 0.996332
13 11.9584 1.6676 -0.00354296 0 0 -0.0926866 0.995695
14 12.1246 1.78121 -0.00354296 0 0 -0.0997934 0.995008
15 12.2923 1.89242 -0.00354296 0 0 -0.106895 0.99427
16 12.4671 1.99996 0.00386716 0 0 -0.113991 0.993482
17 12.6346 2.09268 0.00141778 0 0 -0.121082 0.992643
18 12.8069 2.19661 -0.00518217 0 0 -0.128166 0.991753
19 12.9725 2.29879 -0.00518217 0 0 -0.135244 0.990812
20 13.1478 2.39776 -0.00518217 0 0 -0.142315 0.989821
21 13.3163 2.49447 -0.00518217 0 0 -0.149378 0.98878
22 13.4943 2.58839 -0.011953 0 0 -0.156434 0.987688
23 13.6732 2.67849 -0.011953 0 0 -0.163482 0.986546
24 13.8434 2.77103 -0.0144266 0 0 -0.170522 0.985354
25 14.0347 2.84734 -0.0257732 0 0 -0.177553 0.984111
26 14.2178 2.93095 -0.0257732 0 0 -0.184575 0.982818
27 14.4039 3.01175 -0.0257732 0 0 -0.191588 0.981475
28 14.5882 3.09351 -0.0257732 0 0 -0.19859 0.980083
29 14.7664 3.16574 -0.0257732 0 0 -0.205583 0.97864
30 14.9539 3.23876 -0.0257732 0 0 -0.212565 0.977147
31 15.1425 3.30909 -0.0257732 0 0 -0.219537 0.975604
32 15.3451 3.37916 -0.0257732 0 0 -0.226497 0.974012
33 15.5356 3.44409 -0.0257732 0 0 -0.233445 0.97237
34 15.729 3.51002 -0.0369446 0 0 -0.240382 0.970678
35 15.924 3.56802 -0.0345516 0 0 -0.247307 0.968937
36 16.1108 3.62827 -0.0345516 0 0 -0.254218 0.967147
37 16.308 3.68786 -0.0308756 0 0 -0.261117 0.965307
38 16.499 3.74122 -0.016747 0 0 -0.268003 0.963418
39 16.6937 3.7913 -0.0161273 0 0 -0.274875 0.96148
40 16.8888 3.82558 -0.0126152 0 0 -0.281733 0.959493
41 17.0854 3.86817 -0.0118102 0 0 -0.288576 0.957457
42 17.2724 3.907 -0.0118102 0 0 -0.295405 0.955372
43 17.4702 3.94415 -0.0118102 0 0 -0.302219 0.953239
44 17.6672 3.97942 -0.0151487 0 0 -0.309017 0.951057
45 17.8696 4.0082 -0.0151487 0 0 -0.3158 0.948826
46 18.061 4.03817 -0.0168002 0 0 -0.322566 0.946547
47 18.2598 4.06285 -0.0176392 0 0 -0.329316 0.94422
48 18.4643 4.07733 -0.0258473 0 0 -0.336049 0.941844
49 18.6646 4.09741 -0.0258473 0 0 -0.342766 0.939421
50 18.8675 4.11743 -0.0258473 0 0 -0.349464 0.93695
51 19.0761 4.14052 -0.00912261 0 0 -0.356145 0.934431
52 19.2673 4.14139 -0.00912261 0 0 -0.362808 0.931864
53 19.4683 4.15001 -0.00773021 0 0 -0.369452 0.92925
54 19.6686 4.15486 -0.00773021 0 0 -0.376077 0.926588
55 19.8615 4.14754 -0.00773021 0 0 -0.382683 0.92388
56 20.0628 4.14754 -0.00773021 0 0 -0.38927 0.921124
57 20.264 4.14467 -0.00587805 0 0 -0.395837 0.918321
58 20.4696 4.14302 -0.00587805 0 0 -0.402384 0.915471
59 20.6837 4.11985 -0.00587805 0 0 -0.40891 0.912575
60 20.8846 4.10836 -0.00587805 0 0 -0.415415 0.909632
61 21.0854 4.094 -0.00587805 0 0 -0.421899 0.906643
62 21.286 4.07664 -0.00637713 0 0 -0.428362 0.903607
63 21.4863 4.05655 -0.00637713 0 0 -0.434802 0.900526
64 21.6891 4.02986 -0.00637713 0 0 -0.441221 0.897398
65 21.8887 4.00406 -0.00637713 0 0 -0.447617 0.894225
66 22.0974 3.96248 -0.00838981 0 0 -0.45399 0.891007
67 22.2825 3.92135 -0.0118672 0 0 -0.460341 0.887742
68 22.4693 3.88495 -0.0118672 0 0 -0.466667 0.884433
69 22.6643 3.84598 -0.0105469 0 0 -0.47297 0.881078
70 22.8535 3.80083 -0.0136533 0 0 -0.479249 0.877679
71 23.0489 3.75722 -0.0136533 0 0 -0.485503 0.874235
72 23.2481 3.70638 -0.0136533 0 0 -0.491733 0.870746
73 23.4434 3.658 -0.00626766 0 0 -0.497937 0.867213
74 23.6402 3.60802 -0.00478895 0 0 -0.504117 0.863636
75 23.8341 3.55408 -0.00478895 0 0 -0.51027 0.860014
76 24.026 3.49953 -0.00478895 0 0 -0.516397 0.856349
77 24.2131 3.43744 -0.00931385 0 0 -0.522499 0.85264
78 24.4045 3.37525 -0.00931385 0 0 -0.528573 0.848888
79 24.5951 3.31033 0.00627639 0 0 -0.534621 0.845092
80 24.7828 3.24666 0.0118693 0 0 -0.540641 0.841254
81 24.9687 3.17515 0.0118693 0 0 -0.546634 0.837372
82 25.1563 3.10213 0.0118693 0 0 -0.552598 0.833448
83 25.3435 3.02462 0.0118693 0 0 -0.558535 0.829481
84 25.5289 2.94628 0.0118693 0 0 -0.564443 0.825472
85 25.7142 2.8625 0.00985486 0 0 -0.570323 0.821421
86 25.8876 2.77544 0.00985486 0 0 -0.576173 0.817328
87 26.069 2.69134 0.00985486 0 0 -0.581994 0.813193
88 26.2468 2.60163 0.0144006 0 0 -0.587785 0.809017
89 26.4262 2.51008 0.0138016 0 0 -0.593547 0.8048
90 26.6104 2.41799 0.0163637 0 0 -0.599278 0.800541
91 26.7913 2.31968 0.0137605 0 0 -0.604978 0.796242
92 26.9666 2.22072 0.00842375 0 0 -0.610648 0.791902
93 27.1404 2.11926 0.00842375 0 0 -0.616286 0.787522
94 27.3138 2.01086 0.00334695 0 0 -0.621894 0.783102
95 27.4875 1.89121 0.00334695 0 0 -0.627469 0.778642
96 27.6568 1.7824 0.00334695 0 0 -0.633012 0.774142
97 27.826 1.6497 0.0126823 0 0 -0.638524 0.769602
98 27.9922 1.5361 0.0126823 0 0 -0.644002 0.765024
99 28.1567 1.42014 0.00761152 0 0 -0.649448 0.760406
100 28.3211 1.29043 0.00413631 0 0 -0.654861 0.75575
101 28.4667 1.1678 0.00413631 0 0 -0.66024 0.751055
102 28.6261 1.0449 0.00413631 0 0 -0.665586 0.746321
103 28.7873 0.920105 0.00413631 0 0 -0.670897 0.74155
104 28.9431 0.792703 0.00524014 0 0 -0.676175 0.736741
105 29.0972 0.662259 0.00524014 0 0 -0.681418 0.731895
106 29.2493 0.530459 0.00524014 0 0 -0.686626 0.727011
107 29.3995 0.396501 0.00524014 0 0 -0.6918 0.72209
108 29.5471 0.28136 0.00524014 0 0 -0.696938 0.717132
109 29.6935 0.143167 0.00524014 0 0 -0.70204 0.712137
110 29.8378 0.00289895 0.00524014 0 0 -0.707107 0.707107
111 29.9801 -0.139416 -0.00275178 0 0 -0.712137 0.70204
112 30.1204 -0.283748 -0.00275178 0 0 -0.717132 0.696938
113 30.2594 -0.411664 -0.00275178 0 0 -0.72209 0.6918
114 30.4011 -0.560268 0.0106211 0 0 -0.727011 0.686626
115 30.5349 -0.712459 0.0106211 0 0 -0.731895 0.681418
116 30.6668 -0.863628 0.0106211 0 0 -0.736741 0.676175
117 30.7926 -1.01721 0.0106211 0 0 -0.74155 0.670897
118 30.9215 -1.17319 0.0111774 0 0 -0.746321 0.665586
119 31.0558 -1.33198 0.00481683 0 0 -0.751055 0.66024
120 31.1793 -1.48719 0.00481683 0 0 -0.75575 0.654861
121 31.2912 -1.64694 0.00481683 0 0 -0.760406 0.649448
122 31.4082 -1.80954 0.00448782 0 0 -0.765024 0.644002
123 31.5277 -1.95553 0.00355528 0 0 -0.769602 0.638524
124 31.6378 -2.11328 -0.000232895 0 0 -0.774142 0.633012
125 31.7569 -2.27733 -0.000232895 0 0 -0.778642 0.627469
126 31.8657 -2.44664 -0.000232895 0 0 -0.783102 0.621894
127 31.9896 -2.62181 -0.000232895 0 0 -0.787522 0.616286
128 32.0849 -2.79192 -0.000232895 0 0 -0.791902 0.610648
129 32.1864 -2.96573 -0.000232895 0 0 -0.796242 0.604978
130 32.294 -3.13937 -0.000232895 0 0 -0.800541 0.599278
131 32.396 -3.31775 -0.000232895 0 0 -0.8048 0.593547
132 32.49 -3.49575 0.0139475 0 0 -0.809017 0.587785
133 32.5813 -3.67508 0.0139475 0 0 -0.813193 0.581994
134 32.6701 -3.85569 0.0139475 0 0 -0.817328 0.576173
135 32.7571 -4.0354 0.0139475 0 0 -0.821421 0.570323
136 32.8397 -4.22116 0.0139475 0 0 -0.825472 0.564443
137 32.9207 -4.40541 0.00531323 0 0 -0.829481 0.558535
138 32.9972 -4.58646 0.0038837 0 0 -0.833448 0.552598
139 33.0752 -4.77395 0.0038837 0 0 -0.837372 0.546634
140 33.1378 -4.97717 0.000768132 0 0 -0.841254 0.540641
141 33.1907 -5.15746 -0.00949002 0 0 -0.845092 0.534621
142 33.2583 -5.34702 -0.00949002 0 0 -0.848888 0.528573
143 33.3233 -5.53753 -0.00183327 0 0 -0.85264 0.522499
144 33.3859 -5.72809 -0.00163103 0 0 -0.856349 0.516397
145 33.4453 -5.92037 0.0108292 0 0 -0.860014 0.51027
146 33.502 -6.11348 0.0108292 0 0 -0.863636 0.504117
147 33.556 -6.30738 0.0217684 0 0 0.867213 -0.497937
148 33.6072 -6.50204 0.0217684 0 0 0.870746 -0.491733
149 33.6626 -6.69051 0.0217684 0 0 0.874235 -0.485503
150 33.7081 -6.88654 0.0217684 0 0 0.877679 -0.479249
151 33.7337 -7.0898 0.0159056 0 0 0.881078 -0.47297
152 33.7789 -7.27938 0.00851197 0 0 0.884433 -0.466667
153 33.8171 -7.47572 0.00501314 0 0 0.887742 -0.460341
154 33.8471 -7.67672 0.00501314 0 0 0.891007 -0.45399
155 33.8723 -7.88005 0.00501314 0 0 0.894225 -0.447617
156 33.8969 -8.08454 0.0147153 0 0 0.897398 -0.441221
157 33.9227 -8.28415 0.0147153 0 0 0.900526 -0.434802
158 33.9469 -8.49001 0.0060136 0 0 0.903607 -0.428362
159 33.9563 -8.68809 0.0060136 0 0 0.906643 -0.421899
160 33.9736 -8.88861 0.0060136 0 0 0.909632 -0.415415
161 33.9747 -9.10421 -0.0208366 0 0 0.912575 -0.40891
162 33.9813 -9.30069 -0.0283971 0 0 0.915471 -0.402384
163 33.9899 -9.50176 -0.0283971 0 0 0.918321 -0.395837
164 33.9957 -9.703 -0.0283971 0 0 0.921124 -0.38927
165 33.9986 -9.90424 -0.0283971 0 0 0.92388 -0.382683
166 33.9986 -10.1055 -0.029447 0 0 0.926588 -0.376077
167 33.9957 -10.3067 -0.0379962 0 0 0.92925 -0.369452
168 33.9904 -10.5075 -0.0381551 0 0 0.931864 -0.362808
169 33.9845 -10.7248 -0.0266023 0 0 0.934431 -0.356145
170 33.9816 -10.9245 -0.0266023 0 0 0.93695 -0.349464
171 33.9673 -11.1253 -0.0319821 0 0 0.939421 -0.342766
172 33.9502 -11.3256 -0.0319821 0 0 0.941844 -0.336049
173 33.9137 -11.539 -0.0319821 0 0 0.94422 -0.329316
174 33.8907 -11.7389 -0.0319821 0 0 0.946547 -0.322566
175 33.8865 -11.9448 -0.0319821 0 0 0.948826 -0.3158
176 33.8578 -12.144 -0.0319821 0 0 0.951057 -0.309017
177 33.8264 -12.3428 -0.0319821 0 0 0.953239 -0.302219
178 33.792 -12.5411 -0.0683632 0 0 0.955372 -0.295405
179 33.7549 -12.7389 -0.0693123 0 0 0.957457 -0.288576
180 33.7149 -12.9362 -0.0718836 0 0 0.959493 -0.281733
181 33.6721 -13.1329 -0.0756086 0 0 0.96148 -0.274875
182 33.6266 -13.3289 -0.0756086 0 0 0.963418 -0.268003
183 33.5782 -13.5243 -0.0756086 0 0 0.965307 -0.261117
184 33.527 -13.7189 -0.0694853 0 0 0.967147 -0.254218
185 33.4548 -13.9228 -0.0694853 0 0 0.968937 -0.247307
186 33.3968 -14.1259 -0.0780111 0 0 0.970678 -0.240382
187 33.3396 -14.3194 -0.0780111 0 0 0.97237 -0.233445
188 33.287 -14.504 -0.0780111 0 0 0.974012 -0.226497
189 33.223 -14.6941 -0.0780111 0 0 0.975604 -0.219537
190 33.1569 -14.887 -0.0798903 0 0 0.977147 -0.212565
191 33.0865 -15.0755 -0.0775036 0 0 0.97864 -0.205583
192 33.0151 -15.2645 -0.0780156 0 0 0.980083 -0.19859
193 32.9394 -15.451 -0.0780156 0 0 0.981475 -0.191588
194 32.8543 -15.6429 -0.0780156 0 0 0.982818 -0.184575
195 32.7933 -15.8289 -0.0780156 0 0 0.984111 -0.177553
196 32.7096 -16.012 -0.0780156 0 0 0.985354 -0.170522
197 32.6241 -16.1958 -0.0769142 0 0 0.986546 -0.163482
198 32.5362 -16.3791 -0.0769142 0 0 0.987688 -0.156434
199 32.4449 -16.5586 -0.0769142 0 0 0.98878 -0.149378
200 32.3579 -16.7346 -0.0881436 0 0 0.989821 -0.142315
201 32.2473 -16.9151 -0.082573 0 0 0.990812 -0.135244
202 32.1483 -17.0904 -0.082573 0 0 0.991753 -0.128166
203 32.0428 -17.2479 -0.082573 0 0 0.992643 -0.121082
204 31.9389 -17.4203 -0.0873869 0 0 0.993482 -0.113991
205 31.8336 -17.5909 -0.0873869 0 0 0.99427 -0.106895
206 31.7248 -17.7602 -0.0873869 0 0 0.995008 -0.0997934
207 31.6136 -17.9279 -0.0873869 0 0 0.995695 -0.0926866
208 31.4974 -18.0945 -0.0873869 0 0 0.996332 -0.085575
209 31.3672 -18.2682 -0.081818 0 0 0.996917 -0.0784591
210 31.25 -18.4388 -0.081818 0 0 0.997452 -0.0713392
211 31.1298 -18.603 -0.0906073 0 0 0.997936 -0.0642156
212 31.0151 -18.7614 -0.0906073 0 0 0.998369 -0.0570888
213 30.8744 -18.9021 -0.108744 0 0 0.998751 -0.0499591
214 30.7418 -19.0528 -0.108744 0 0 0.999083 -0.0428268
215 30.6145 -19.2053 -0.109751 0 0 0.999363 -0.0356923
216 30.4829 -19.3561 -0.109751 0 0 0.999592 -0.0285561
217 30.3479 -19.5068 -0.11137 0 0 0.999771 -0.0214183
218 30.2109 -19.6551 -0.11137 0 0 0.999898 -0.0142795
219 30.0727 -19.8014 -0.11137 0 0 0.999975 -0.00713992
220 29.9393 -19.955 -0.11137 0 0 1 -6.41848e-17
221 29.797 -20.0973 -0.11137 0 0 0.999975 0.00713992
222 29.6527 -20.2376 -0.11137 0 0 0.999898 0.0142795
223 29.518 -20.3762 -0.12055 0 0 0.999771 0.0214183
224 29.3503 -20.5112 -0.12055 0 0 0.999592 0.0285561
225 29.1997 -20.6503 -0.12055 0 0 0.999363 0.0356923
226 29.047 -20.7816 -0.12005 0 0 0.999083 0.0428268
227 28.8932 -20.9092 -0.115814 0 0 0.998751 0.0499591
228 28.7245 -21.04 -0.115814 0 0 0.998369 0.0570888
229 28.5669 -21.1652 -0.115814 0 0 0.997936 0.0642156
230 28.3749 -21.2772 -0.112526 0 0 0.997452 0.0713392
231 28.2138 -21.3978 -0.112526 0 0 0.996917 0.0784591
232 28.0671 -21.5189 -0.112526 0 0 0.996332 0.085575
233 27.9129 -21.6402 -0.112526 0 0 0.995695 0.0926866
234 27.7468 -21.7538 -0.112526 0 0 0.995008 0.0997934
235 27.579 -21.865 -0.112526 0 0 0.99427 0.106895
236 27.4097 -21.9738 -0.112526 0 0 0.993482 0.113991
237 27.2389 -22.0802 -0.112526 0 0 0.992643 0.121082
238 27.0665 -22.1841 -0.106477 0 0 0.991753 0.128166
239 26.8927 -22.2856 -0.0924803 0 0 0.990812 0.135244
240 26.7175 -22.3846 -0.092411 0 0 0.989821 0.142315
241 26.5267 -22.4767 -0.092411 0 0 0.98878 0.149378
242 26.3509 -22.5713 -0.0947307 0 0 0.987688 0.156434
243 26.1715 -22.6627 -0.0947307 0 0 0.986546 0.163482
244 25.9882 -22.759 -0.0947307 0 0 0.985354 0.170522
245 25.8197 -22.8512 -0.0972368 0 0 0.984111 0.177553
246 25.6366 -22.9348 -0.0972368 0 0 0.982818 0.184575
247 25.4357 -23.0121 -0.0966372 0 0 0.981475 0.191588
248 25.2333 -23.0833 -0.0946606 0 0 0.980083 0.19859
249 25.0341 -23.1877 -0.0946606 0 0 0.97864 0.205583
250 24.8487 -23.2561 -0.0946606 0 0 0.977147 0.212565
251 24.6601 -23.3264 -0.0946606 0 0 0.975604 0.219537
252 24.4707 -23.3954 -0.0946606 0 0 0.974012 0.226497
253 24.2822 -23.4601 -0.0946606 0 0 0.97237 0.233445
254 24.0898 -23.5287 -0.0966959 0 0 0.970678 0.240382
255 23.8983 -23.5868 -0.101671 0 0 0.968937 0.247307
256 23.7052 -23.6435 -0.101671 0 0 0.967147 0.254218
257 23.525 -23.7054 -0.101671 0 0 0.965307 0.261117
258 23.341 -23.7391 -0.101671 0 0 0.963418 0.268003
259 23.1474 -23.7845 -0.0977763 0 0 0.96148 0.274875
260 22.9525 -23.8284 -0.0977763 0 0 0.959493 0.281733
261 22.7501 -23.8799 -0.0977763 0 0 0.957457 0.288576
262 22.5528 -23.9198 -0.0977763 0 0 0.955372 0.295405
263 22.3546 -23.9575 -0.103284 0 0 0.953239 0.302219
264 22.1626 -23.9832 -0.103284 0 0 0.951057 0.309017
265 21.9638 -24.0147 -0.103284 0 0 0.948826 0.3158
266 21.7609 -24.0422 -0.106312 0 0 0.946547 0.322566
267 21.5613 -24.0679 -0.106312 0 0 0.94422 0.329316
268 21.3613 -24.0909 -0.106312 0 0 0.941844 0.336049
269 21.1719 -24.1201 -0.106312 0 0 0.939421 0.342766
270 20.9667 -24.1346 -0.107631 0 0 0.93695 0.349464
271 20.7659 -24.149 -0.107631 0 0 0.934431 0.356145
272 20.565 -24.1605 -0.109884 0 0 0.931864 0.362808
273 20.3639 -24.1691 -0.109884 0 0 0.92925 0.369452
274 20.1627 -24.1748 -0.109884 0 0 0.926588 0.376077
275 19.9615 -24.1777 -0.109884 0 0 0.92388 0.382683
276 19.7602 -24.1777 -0.109884 0 0 0.921124 0.38927
277 19.559 -24.1748 -0.109884 0 0 0.918321 0.395837
278 19.3474 -24.1786 -0.0850886 0 0 0.915471 0.402384
279 19.1404 -24.1702 -0.0908527 0 0 0.912575 0.40891
280 18.937 -24.1558 -0.0908527 0 0 0.909632 0.415415
281 18.7362 -24.1415 -0.0908527 0 0 0.906643 0.421899
282 18.5357 -24.1242 -0.0908527 0 0 0.903607 0.428362
283 18.3367 -24.0998 -0.0942055 0 0 0.900526 0.434802
284 18.1354 -24.0778 -0.0942055 0 0 0.897398 0.441221
285 17.9358 -24.0521 -0.0942055 0 0 0.894225 0.447617
286 17.7262 -24.0091 -0.0942055 0 0 0.891007 0.45399
287 17.5274 -23.9776 -0.0942055 0 0 0.887742 0.460341
288 17.3291 -23.9433 -0.0962816 0 0 0.884433 0.466667
289 17.1313 -23.9062 -0.0962816 0 0 0.881078 0.47297
290 16.934 -23.8662 -0.0994147 0 0 0.877679 0.479249
291 16.7362 -23.8215 -0.0994147 0 0 0.874235 0.485503
292 16.5402 -23.7759 -0.0994147 0 0 0.870746 0.491733
293 16.3477 -23.7325 -0.101469 0 0 0.867213 0.497937
294 16.1497 -23.6754 -0.092225 0 0 0.863636 0.504117
295 15.9558 -23.6214 -0.092225 0 0 0.860014 0.51027
296 15.7623 -23.5625 -0.092225 0 0 0.856349 0.516397
297 15.57 -23.503 -0.092225 0 0 0.85264 0.522499
298 15.3786 -23.4408 -0.0937712 0 0 0.848888 0.528573
299 15.1853 -23.3772 -0.08744 0 0 0.845092 0.534621
300 15.0058 -23.3199 -0.08744 0 0 0.841254 0.540641
301 14.8144 -23.2431 -0.08744 0 0 0.837372 0.546634
302 14.6269 -23.1701 -0.08744 0 0 0.833448 0.552598
303 14.4404 -23.0944 -0.0893724 0 0 0.829481 0.558535
304 14.2618 -23.0334 -0.0961226 0 0 0.825472 0.564443
305 14.075 -22.9427 -0.0961226 0 0 0.821421 0.570323
306 13.8905 -22.8596 -0.0961226 0 0 0.817328 0.576173
307 13.7087 -22.7733 -0.0961226 0 0 0.813193 0.581994
308 13.5249 -22.6748 -0.0961226 0 0 0.809017 0.587785
309 13.3485 -22.5931 -0.102357 0 0 0.8048 0.593547
310 13.1705 -22.4991 -0.102357 0 0 0.800541 0.599278
311 12.9873 -22.4045 -0.0883632 0 0 0.796242 0.604978
312 12.8155 -22.3073 -0.0785846 0 0 0.791902 0.610648
313 12.6431 -22.2116 -0.0737553 0 0 0.787522 0.616286
314 12.4863 -22.1041 -0.0737553 0 0 0.783102 0.621894
315 12.3154 -21.9977 -0.0737553 0 0 0.778642 0.627469
316 12.1449 -21.8827 -0.0737553 0 0 0.774142 0.633012
317 11.9765 -21.7683 -0.0737553 0 0 0.769602 0.638524
318 11.8093 -21.6548 -0.072783 0 0 0.765024 0.644002
319 11.645 -21.5403 -0.0693794 0 0 0.760406 0.649448
320 11.4822 -21.422 -0.0693794 0 0 0.75575 0.654861
321 11.3211 -21.3014 -0.0693794 0 0 0.751055 0.66024
322 11.1681 -21.1664 -0.0693794 0 0 0.746321 0.665586
323 11.0073 -21.0415 -0.0634869 0 0 0.74155 0.670897
324 10.8375 -20.9122 -0.0634869 0 0 0.736741 0.676175
325 10.6835 -20.7826 -0.0634869 0 0 0.731895 0.681418
326 10.5311 -20.6465 -0.0590783 0 0 0.727011 0.686626
327 10.38 -20.4906 -0.0590783 0 0 0.72209 0.6918
328 10.2318 -20.3575 -0.0590783 0 0 0.717132 0.696938
329 10.0855 -20.2193 -0.0643798 0 0 0.712137 0.70204
330 9.93932 -20.0791 -0.0643798 0 0 0.707107 0.707107
331 9.8016 -19.9368 -0.060994 0 0 0.70204 0.712137
332 9.66404 -19.808 -0.0479666 0 0 0.696938 0.717132
333 9.52589 -19.6606 -0.0479666 0 0 0.6918 0.72209
334 9.40069 -19.513 -0.0575667 0 0 0.686626 0.727011
335 9.26603 -19.3725 -0.0575667 0 0 0.681418 0.731895
336 9.13423 -19.2204 -0.0575667 0 0 0.676175 0.736741
337 9.00462 -19.0664 -0.0575667 0 0 0.670897 0.74155
338 8.87722 -18.9106 -0.0564532 0 0 0.665586 0.746321
339 8.75205 -18.753 -0.0590919 0 0 0.66024 0.751055
340 8.62915 -18.5936 -0.0590919 0 0 0.654861 0.75575
341 8.51326 -18.444 -0.0531835 0 0 0.649448 0.760406
342 8.39003 -18.2753 -0.0531835 0 0 0.644002 0.765024
343 8.27407 -18.1108 -0.0531835 0 0 0.638524 0.769602
344 8.157 -17.9362 -0.0579484 0 0 0.633012 0.774142
345 8.04579 -17.7684 -0.0713075 0 0 0.627469 0.778642
346 7.93698 -17.5991 -0.0713075 0 0 0.621894 0.783102
347 7.83131 -17.4254 -0.0633361 0 0 0.616286 0.787522
348 7.72738 -17.253 -0.0633361 0 0 0.610648 0.791902
349 7.62592 -17.0792 -0.0633361 0 0 0.604978 0.796242
350 7.50996 -16.9228 -0.0633361 0 0 0.599278 0.800541
351 7.41351 -16.7462 -0.0633361 0 0 0.593547 0.8048
352 7.31958 -16.5682 -0.0633361 0 0 0.587785 0.809017
353 7.20975 -16.3877 -0.0633361 0 0 0.581994 0.813193
354 7.1204 -16.2087 -0.0617379 0 0 0.576173 0.817328
355 7.03238 -16.0261 -0.0699667 0 0 0.570323 0.821421
356 6.94877 -15.8431 -0.0699667 0 0 0.564443 0.825472
357 6.86779 -15.6588 -0.0699667 0 0 0.558535 0.829481
358 6.78937 -15.4592 -0.0650051 0 0 0.552598 0.833448
359 6.70874 -15.2766 -0.0650051 0 0 0.546634 0.837372
360 6.63572 -15.089 -0.0650051 0 0 0.540641 0.841254
361 6.56539 -14.9005 -0.0652851 0 0 0.534621 0.845092
362 6.50122 -14.7126 -0.0652851 0 0 0.528573 0.848888
363 6.43376 -14.5271 -0.0637582 0 0 0.522499 0.85264
364 6.37157 -14.3357 -0.0637582 0 0 0.516397 0.856349
365 6.31211 -14.1434 -0.0637582 0 0 0.51027 0.860014
366 6.25578 -13.9505 -0.0637582 0 0 0.504117 0.863636
367 6.20312 -13.7624 -0.0709884 0 0 0.497937 0.867213
368 6.14631 -13.5511 -0.0847418 0 0 0.491733 0.870746
369 6.09793 -13.3557 -0.0847418 0 0 0.485503 0.874235
370 6.05005 -13.1632 -0.0902026 0 0 0.479249 0.877679
371 6.00211 -12.9632 -0.0902026 0 0 0.47297 0.881078
372 5.96214 -12.7659 -0.0902026 0 0 0.466667 0.884433
373 5.92145 -12.5656 -0.086734 0 0 0.460341 0.887742
374 5.88713 -12.3673 -0.086734 0 0 0.45399 0.891007
375 5.87509 -12.1512 -0.096367 0 0 0.447617 0.894225
376 5.85487 -11.9411 -0.096367 0 0 0.441221 0.897398
377 5.82907 -11.7415 -0.096367 0 0 0.434802 0.900526
378 5.80613 -11.5415 -0.096367 0 0 0.428362 0.903607
379 5.78605 -11.3413 -0.096367 0 0 0.421899 0.906643
380 5.76188 -11.1488 -0.0998215 0 0 0.415415 0.909632
381 5.75141 -10.9437 -0.0973709 0 0 0.40891 0.912575
382 5.73992 -10.7427 -0.0869151 0 0 0.402384 0.915471
383 5.7453 -10.5296 -0.0977928 0 0 0.395837 0.918321
384 5.73955 -10.3284 -0.0977928 0 0 0.38927 0.921124
385 5.72892 -10.1194 -0.0977928 0 0 0.382683 0.92388
386 5.72892 -9.91811 -0.100294 0 0 0.376077 0.926588
387 5.73179 -9.71687 -0.100294 0 0 0.369452 0.92925
388 5.74042 -9.51882 -0.0916898 0 0 0.362808 0.931864
389 5.74904 -9.31774 -0.0916898 0 0 0.356145 0.934431
390 5.77111 -9.10764 -0.102509 0 0 0.349464 0.93695
391 5.77411 -8.91451 -0.0765394 0 0 0.342766 0.939421
392 5.7901 -8.715 -0.0765394 0 0 0.336049 0.941844
393 5.81033 -8.51546 -0.0768002 0 0 0.329316 0.94422
394 5.83453 -8.3078 -0.0828455 0 0 0.322566 0.946547
395 5.86033 -8.10819 -0.0828455 0 0 0.3158 0.948826
396 5.88897 -7.90898 -0.0828455 0 0 0.309017 0.951057
397 5.91951 -7.71121 -0.0828455 0 0 0.302219 0.953239
398 5.95383 -7.51289 -0.0828455 0 0 0.295405 0.955372
399 5.99974 -7.30927 -0.0915962 0 0 0.288576 0.957457
400 6.03971 -7.11202 -0.0932738 0 0 0.281733 0.959493
401 6.0849 -6.91922 -0.089932 0 0 0.274875 0.96148
402 6.13049 -6.72319 -0.089932 0 0 0.268003 0.963418
403 6.18194 -6.53309 -0.106587 0 0 0.261117 0.965307
404 6.23047 -6.33378 -0.0973681 0 0 0.254218 0.967147
405 6.27854 -6.14308 -0.0973681 0 0 0.247307 0.968937
406 6.33142 -5.94272 -0.100151 0 0 0.240382 0.970678
407 6.38943 -5.74762 -0.100151 0 0 0.233445 0.97237
408 6.45261 -5.55821 -0.0991963 0 0 0.226497 0.974012
409 6.51426 -5.36926 -0.0991963 0 0 0.219537 0.975604
410 6.58189 -5.1797 -0.0991963 0 0 0.212565 0.977147
411 6.65044 -4.98708 -0.0917935 0 0 0.205583 0.97864
412 6.72335 -4.79926 -0.0917935 0 0 0.19859 0.980083
413 6.79904 -4.61277 -0.0791692 0 0 0.191588 0.981475
414 6.87739 -4.42738 -0.0791692 0 0 0.184575 0.982818
415 6.95837 -4.24313 -0.0791692 0 0 0.177553 0.984111
416 7.04198 -4.06006 -0.0791692 0 0 0.170522 0.985354
417 7.12571 -3.87694 -0.0791692 0 0 0.163482 0.986546
418 7.21444 -3.69742 -0.0799319 0 0 0.156434 0.987688
419 7.3131 -3.51323 -0.0799319 0 0 0.149378 0.98878
420 7.40703 -3.33522 -0.0799319 0 0 0.142315 0.989821
421 7.50295 -3.15668 -0.0712365 0 0 0.135244 0.990812
422 7.60781 -2.97988 -0.0712365 0 0 0.128166 0.991753
423 7.70244 -2.81784 -0.0712365 0 0 0.121082 0.992643
424 7.8071 -2.64613 -0.0713918 0 0 0.113991 0.993482
425 7.91348 -2.47528 -0.0713918 0 0 0.106895 0.99427
426 8.01097 -2.31468 -0.0713918 0 0 0.0997934 0.995008
427 8.10529 -2.1605 -0.0784374 0 0 0.0926866 0.995695
428 8.21927 -1.99476 -0.0784374 0 0 0.085575 0.996332
429 8.34719 -1.82837 -0.0784374 0 0 0.0784591 0.996917
430 8.46549 -1.66555 -0.0784374 0 0 0.0713392 0.997452
431 8.5861 -1.50443 -0.0756451 0 0 0.0642156 0.997936
432 8.70135 -1.35181 -0.0756451 0 0 0.0570888 0.998369
433 8.82806 -1.20961 -0.0756451 0 0 0.0499591 0.998751
434 8.95505 -1.04906 -0.0756451 0 0 0.0428268 0.999083
435 9.08873 -0.898643 -0.0756451 0 0 0.0356923 0.999363
436 9.20598 -0.739197 -0.0756451 0 0 0.0285561 0.999592
437 9.33705 -0.589114 -0.0756451 0 0 0.0214183 0.999771
438 9.47313 -0.440835 -0.0760875 0 0 0.0142795 0.999898
439 9.61133 -0.294514 -0.067994 0 0 0.00713992 0.999975
440 9.7516 -0.145488 -0.0722352 0 0 3.00975e-16 1
441 9.89813 -0.00815345 -0.0793944 0 0 -0.00713992 0.999975
