0 -0.295952 9.70325 -0.297926
1 0.306102 9.70271 0.30071
2 0.305694 9.70434 -0.298248
3 0.305674 10.3037 0.300771
4 9.70359 9.70486 -0.298894
5 10.3043 9.7033 0.302268
6 9.70374 9.70518 0.301261
7 9.70385 10.3041 -0.297856
8 9.70444 0.305081 0.303658
9 10.307 0.302186 -0.297905
10 9.70611 -0.295002 0.299466
11 9.70377 0.30534 -0.298058
12 0.303992 0.304292 -0.296619
13 0.303678 -0.297745 0.301008
14 -0.296463 0.304589 -0.294909
15 0.304863 0.30676 0.302738
16 -0.295821 9.70469 9.70359
17 0.304732 9.70169 10.3
18 0.304958 9.70608 9.70117
19 0.303589 10.3055 10.3012
20 9.70599 9.70283 9.70146
21 10.3013 9.70663 10.3022
22 9.70375 9.70377 10.3016
23 9.70383 10.305 9.70148
24 9.70405 0.303644 10.3011
25 10.3036 0.304304 9.70248
26 9.70384 -0.297876 10.2997
27 9.70465 0.304958 9.70052
28 0.305352 0.303069 9.70276
29 0.301622 -0.29395 10.3004
30 -0.299431 0.302908 9.70116
31 0.304145 0.303849 10.3032
32 -0.296038 9.70604 19.7007
33 0.303994 9.70311 20.3016
34 0.305697 9.70433 19.7016
35 0.303644 10.3046 20.3018
36 9.70395 9.70434 19.7022
37 10.3079 9.70474 20.3007
38 9.7078 9.70474 20.3009
39 9.70331 10.3013 19.7
40 9.70506 0.303417 20.302
41 10.3035 0.304508 19.701
42 9.70233 -0.295575 20.3044
43 9.70231 0.304377 19.7014
44 0.303958 0.305618 19.7009
45 0.304369 -0.294644 20.3021
46 -0.295894 0.305972 19.7013
47 0.306824 0.308516 20.3027
