0 10 -2.23024e-22 -5.06302e-23 1.16506e-21 -8.31855e-22 -8.92368e-22 1
1 10.1471 0.143281 -0.00035372 3.36883e-05 -6.07727e-05 -0.00713599 0.999975
2 10.2921 0.283981 -0.00131439 0.000154449 -0.000192967 -0.0143149 0.999898
3 10.4404 0.42329 5.42665e-05 0.000259041 -0.000327848 -0.0215053 0.999769
4 10.5924 0.559972 -0.0049347 0.000318685 -0.000377083 -0.0285691 0.999592
5 10.7438 0.692026 -0.00330893 0.000355228 -0.000420222 -0.0356493 0.999364
6 10.8998 0.820036 -0.00665386 0.000263752 -0.000318341 -0.0426121 0.999092
7 11.0543 0.950512 -0.00372199 0.000132286 -0.000156777 -0.0495647 0.998771
8 11.2094 1.08627 -0.00334607 2.91799e-05 -6.64274e-05 -0.0566536 0.998394
9 11.3654 1.21132 -0.00405562 -3.38436e-06 -5.06935e-05 -0.0638085 0.997962
10 11.5156 1.33547 -0.00498377 4.90566e-05 -0.000152004 -0.0710001 0.997476
11 11.6775 1.45671 -0.00524963 0.000222855 -0.000380067 -0.0782329 0.996935
12 11.8337 1.5776 -0.0076911 0.000389528 -0.000627374 -0.0855013 0.996338
13 12.0069 1.69215 0.00291915 0.00050404 -0.000846944 -0.0928781 0.995677
14 12.1844 1.80382 0.00561199 0.000543468 -0.000920496 -0.100114 0.994975
15 12.3484 1.915 0.00824372 0.000536994 -0.000857681 -0.107128 0.994245
16 12.5201 2.0254 0.0100375 0.000460261 -0.000749742 -0.114082 0.993471
17 12.6927 2.13252 0.0116584 0.000372478 -0.000629402 -0.120926 0.992661
18 12.8676 2.23722 0.0131895 0.000269915 -0.000495139 -0.127635 0.991821
19 13.0439 2.34001 0.00422944 0.000141677 -0.000327549 -0.134273 0.990944
20 13.2149 2.43528 0.00401604 6.94434e-05 -0.000279207 -0.141108 0.989994
21 13.3913 2.53503 0.00417281 3.03647e-05 -0.000272866 -0.148104 0.988972
22 13.5668 2.62946 2.65725e-05 -4.10604e-05 -0.000234639 -0.155193 0.987884
23 13.7375 2.70194 -0.000152375 -0.000105956 -0.000250977 -0.162441 0.986718
24 13.9153 2.79246 -0.000542331 -0.000109301 -0.000289163 -0.169852 0.98547
25 14.0982 2.87418 -0.000460244 -6.40078e-05 -0.000372426 -0.17719 0.984177
26 14.2739 2.95975 -0.000700299 5.52303e-05 -0.000446216 -0.18449 0.982834
27 14.4589 3.04593 -0.000172227 0.000189088 -0.000485325 -0.191519 0.981489
28 14.6448 3.12662 0.00172235 0.000238947 -0.000492761 -0.198424 0.980116
29 14.8344 3.20282 0.0108099 0.000268496 -0.000576048 -0.205357 0.978687
30 15.0302 3.28724 0.012705 0.000274139 -0.000634179 -0.21223 0.977219
31 15.2187 3.35896 0.0134064 0.000274227 -0.000774292 -0.219242 0.97567
32 15.4052 3.42557 0.00724058 0.00032375 -0.000844946 -0.226231 0.974073
33 15.6012 3.48562 0.00794318 0.00039541 -0.000988318 -0.233209 0.972426
34 15.7871 3.5475 0.00114403 0.000531544 -0.001201 -0.240219 0.970718
35 15.9766 3.60757 0.000799915 0.000626438 -0.00132883 -0.247294 0.968939
36 16.1698 3.66292 0.00567802 0.000691146 -0.00137122 -0.254264 0.967134
37 16.3592 3.72018 0.00173782 0.000765439 -0.00148757 -0.261461 0.965212
38 16.5564 3.77194 -0.00373649 0.000785053 -0.00151336 -0.268663 0.963233
39 16.7504 3.81805 0.00108001 0.000748009 -0.00145959 -0.275606 0.961269
40 16.9497 3.85579 0.00563857 0.000633465 -0.00125261 -0.282238 0.959344
41 17.1495 3.89707 0.00934278 0.000454274 -0.00103437 -0.28876 0.957401
42 17.3491 3.93565 0.014689 0.000277132 -0.000800349 -0.295248 0.95542
43 17.5498 3.9729 0.0157318 8.08761e-05 -0.000539872 -0.301748 0.953387
44 17.7507 4.01272 0.017347 -0.000117547 -0.000267769 -0.308316 0.951284
45 17.9462 4.04771 0.0121485 -0.00032452 1.73668e-05 -0.314978 0.949099
46 18.1448 4.07827 0.0086849 -0.000477471 0.000312237 -0.321681 0.946848
47 18.3411 4.10532 0.00660401 -0.00055941 0.0004766 -0.32835 0.944556
48 18.5376 4.13021 0.0044728 -0.000575401 0.000483455 -0.335077 0.942191
49 18.7324 4.14843 0.0141892 -0.000547004 0.000409021 -0.341798 0.939773
50 18.9326 4.16815 0.012991 -0.000492709 0.000281928 -0.34852 0.937301
51 19.1337 4.18362 0.0164557 -0.000412748 0.000122822 -0.355203 0.934789
52 19.3329 4.19774 -0.00274475 -0.000358253 -4.38939e-05 -0.361823 0.932247
53 19.5331 4.20834 -0.00253104 -0.000335364 -0.000201909 -0.368482 0.929635
54 19.7386 4.21509 0.0054478 -0.000281841 -0.000399636 -0.375256 0.926921
55 19.9421 4.21867 0.00616514 -0.000227121 -0.000553161 -0.381987 0.924168
56 20.1459 4.21955 0.00654929 -0.000170845 -0.000760119 -0.388703 0.921363
57 20.3522 4.21542 0.00878083 -0.00011768 -0.000870339 -0.395359 0.918526
58 20.5513 4.21162 0.00850531 -0.000132373 -0.000835831 -0.401901 0.915683
59 20.7439 4.19398 -0.00571676 -0.00014732 -0.00080847 -0.408224 0.912881
60 20.948 4.17707 -0.00465791 -0.00021029 -0.000827646 -0.41446 0.910067
61 21.1456 4.1642 -0.00429083 -0.000264039 -0.000909806 -0.420623 0.907235
62 21.3567 4.13887 -0.00288525 -0.000224329 -0.00107053 -0.427012 0.904246
63 21.553 4.12342 -0.00634137 -0.000226385 -0.001176 -0.433485 0.90116
64 21.7537 4.10318 -0.00432703 -0.000238536 -0.00122383 -0.440058 0.897969
65 21.9508 4.0755 -0.0147193 -0.000218535 -0.00125102 -0.44656 0.894753
66 22.1438 4.04337 -0.0237942 -0.000221749 -0.00125567 -0.453033 0.891493
67 22.341 4.01388 -0.0215317 -0.000246591 -0.00124456 -0.459508 0.888173
68 22.5392 3.98045 -0.0263997 -0.000221206 -0.00128944 -0.46599 0.884789
69 22.736 3.94877 -0.0119799 -0.000226438 -0.00121943 -0.472474 0.881344
70 22.9333 3.90759 -0.00992325 -0.000320564 -0.000971335 -0.47894 0.877847
71 23.1286 3.86519 -0.0152004 -0.000358006 -0.000804148 -0.485194 0.874406
72 23.325 3.81864 -0.0146342 -0.000383714 -0.000710073 -0.491349 0.870962
73 23.5204 3.76853 -0.023615 -0.000331756 -0.000661993 -0.497332 0.86756
74 23.7135 3.71564 -0.0356236 -0.000352949 -0.000626833 -0.503463 0.864016
75 23.9092 3.66089 -0.0217198 -0.000359134 -0.000496317 -0.509476 0.860485
76 24.102 3.60597 -0.0124731 -0.000413922 -0.00032869 -0.515654 0.856797
77 24.2953 3.54765 -0.00876232 -0.000451841 -0.000206592 -0.521826 0.853052
78 24.488 3.4862 -0.016892 -0.000486831 -5.19131e-05 -0.527985 0.849253
79 24.68 3.42168 -0.0159745 -0.000526422 0.000171847 -0.534129 0.845403
80 24.8715 3.35477 -0.0129735 -0.000600979 0.000455335 -0.540319 0.84146
81 25.0634 3.28485 -0.0133372 -0.000662957 0.00073274 -0.546591 0.837399
82 25.2543 3.21091 -0.0144851 -0.000688871 0.00100577 -0.552904 0.833244
83 25.4401 3.13781 -0.0171501 -0.000684617 0.00118425 -0.559165 0.829055
84 25.6268 3.06201 -0.0191645 -0.000628841 0.00141361 -0.565376 0.824832
85 25.8092 2.98407 -0.0226346 -0.00064694 0.00158349 -0.571456 0.820631
86 25.99 2.89513 -0.0258537 -0.000638063 0.00165513 -0.577478 0.816404
87 26.17 2.81516 -0.0127878 -0.000645864 0.00156256 -0.583462 0.812138
88 26.3536 2.73248 -0.00614002 -0.000625844 0.00151647 -0.589375 0.807858
89 26.5346 2.6343 -0.0148708 -0.000640677 0.00157391 -0.595102 0.803648
90 26.7079 2.55071 -0.011763 -0.000672851 0.00163952 -0.600739 0.799443
91 26.8865 2.45485 -0.0147162 -0.00075884 0.00166483 -0.606363 0.795186
92 27.0634 2.35171 -0.0163055 -0.000814985 0.00169398 -0.612 0.790855
93 27.2351 2.24626 -0.016355 -0.000845357 0.00187979 -0.617685 0.786423
94 27.4044 2.14344 -0.0334847 -0.000828968 0.00204568 -0.623229 0.782037
95 27.5743 2.03172 -0.0392937 -0.000832626 0.00214052 -0.628636 0.777697
96 27.7426 1.91705 -0.0425089 -0.000785467 0.00211883 -0.633866 0.77344
97 27.9108 1.79072 -0.0385893 -0.000806413 0.00194069 -0.639005 0.7692
98 28.0824 1.67619 -0.0426688 -0.000792714 0.00158753 -0.643961 0.765056
99 28.2493 1.56157 -0.0446363 -0.000923397 0.00125465 -0.649162 0.760649
100 28.414 1.44386 -0.046541 -0.00100189 0.000847534 -0.654429 0.756123
101 28.5743 1.32356 -0.0475421 -0.00106682 0.000391436 -0.659533 0.751675
102 28.7341 1.20432 -0.0409166 -0.00113324 -0.00020458 -0.664499 0.747288
103 28.8807 1.08102 -0.0576129 -0.00109142 -0.000753337 -0.669405 0.742896
104 29.043 0.958479 -0.0511593 -0.00107418 -0.00113892 -0.674644 0.738142
105 29.1977 0.82539 -0.0394632 -0.00100877 -0.0014966 -0.680216 0.73301
106 29.3522 0.693693 -0.0353272 -0.000870441 -0.00162697 -0.685695 0.727887
107 29.5028 0.563912 -0.0342163 -0.000806447 -0.00179258 -0.690936 0.722914
108 29.6515 0.426934 -0.0361128 -0.000731983 -0.00206408 -0.696046 0.717994
109 29.798 0.288316 -0.0338973 -0.000713918 -0.00231517 -0.701075 0.713084
110 29.9443 0.150345 -0.0299022 -0.000699469 -0.00246954 -0.706135 0.708072
111 30.0892 0.0103558 -0.0218101 -0.000684397 -0.00251176 -0.711256 0.702928
112 30.2324 -0.132009 -0.0223819 -0.00064716 -0.0023947 -0.716468 0.697615
113 30.3704 -0.280551 -0.020943 -0.000645244 -0.00219925 -0.721607 0.692299
114 30.5004 -0.415571 -0.0351143 -0.000548885 -0.00187829 -0.726696 0.686956
115 30.6336 -0.5651 -0.0334419 -0.000484134 -0.0015994 -0.731695 0.681631
116 30.7651 -0.715829 -0.0317731 -0.000477587 -0.00132635 -0.736637 0.676286
117 30.8937 -0.869724 -0.0232486 -0.000481171 -0.00108623 -0.741508 0.670943
118 31.0241 -1.02654 -0.0178814 -0.000477229 -0.000780773 -0.746382 0.665517
119 31.142 -1.18427 -0.0177139 -0.000521046 -0.000523939 -0.751215 0.660058
120 31.2649 -1.33985 -0.0121441 -0.000556475 -0.000316655 -0.756014 0.654555
121 31.3716 -1.50737 -0.0339973 -0.000561433 -0.000323495 -0.760714 0.649087
122 31.4905 -1.67569 -0.0319379 -0.000629911 -0.000617257 -0.765265 0.643715
123 31.6059 -1.84319 -0.0330024 -0.000572687 -0.000768686 -0.769785 0.638303
124 31.7223 -2.01551 -0.0227172 -0.000542328 -0.00101394 -0.774007 0.633176
125 31.8365 -2.18267 -0.0208953 -0.000583865 -0.00128756 -0.778354 0.627823
126 31.9473 -2.34539 -0.0188278 -0.000610598 -0.00153912 -0.782727 0.622363
127 32.056 -2.51606 -0.0194026 -0.000614333 -0.00176392 -0.787058 0.616876
128 32.1627 -2.6873 -0.00492872 -0.000597443 -0.00183718 -0.791423 0.611266
129 32.2662 -2.86032 -0.00115826 -0.000526082 -0.00178887 -0.795822 0.605528
130 32.3658 -3.03688 0.00164718 -0.000505111 -0.00165862 -0.80019 0.599745
131 32.4622 -3.21082 0.00361208 -0.000468497 -0.00138979 -0.804558 0.593872
132 32.5542 -3.38806 -0.00319469 -0.000375045 -0.00101104 -0.808853 0.588009
133 32.6519 -3.5702 0.0156793 -0.000287894 -0.000514003 -0.813044 0.582201
134 32.7455 -3.74596 0.0172682 -0.000251498 0.000107322 -0.817212 0.576337
135 32.8354 -3.92778 0.0243845 -0.000195907 0.000545795 -0.821386 0.570372
136 32.9204 -4.11076 0.0265166 -0.000178782 0.000862812 -0.825613 0.564236
137 32.9994 -4.29354 0.023913 -0.000128263 0.00110102 -0.829775 0.558097
138 33.076 -4.47852 0.021928 -0.000114569 0.00131958 -0.833858 0.551978
139 33.1507 -4.66384 0.0161392 -9.68541e-05 0.0014723 -0.837973 0.54571
140 33.2227 -4.85266 0.00587591 -0.000134835 0.00143356 -0.841921 0.539599
141 33.2892 -5.039 -0.00704461 -0.000209517 0.00124641 -0.845742 0.53359
142 33.3552 -5.22318 -0.00878156 -0.000249343 0.00104951 -0.849471 0.527635
143 33.4156 -5.41015 -0.00887923 -0.000222548 0.000979335 -0.853068 0.521798
144 33.4722 -5.60392 -0.00929508 -0.000187887 0.00101759 -0.856602 0.515977
145 33.5331 -5.79195 -0.0212242 -0.000182646 0.0011658 -0.860228 0.509908
146 33.5913 -5.98648 -0.0287394 -0.000222845 0.001245 -0.863818 0.503802
147 33.6481 -6.18563 -0.0298392 0.000226289 -0.0013737 0.867404 -0.497603
148 33.6986 -6.3796 -0.0308374 0.00021539 -0.00148692 0.870952 -0.491365
149 33.7431 -6.57384 -0.0320825 0.000155387 -0.00164071 0.874358 -0.485278
150 33.7874 -6.77235 -0.0219335 0.000122601 -0.00178327 0.877682 -0.47924
151 33.8228 -6.98148 -0.0256682 0.000180702 -0.00183199 0.881026 -0.473064
152 33.8635 -7.17794 -0.0288622 0.000195674 -0.00178625 0.884365 -0.466792
153 33.9069 -7.37705 -0.0177197 0.000233379 -0.00165846 0.887703 -0.460413
154 33.941 -7.57351 -0.0143246 0.000285486 -0.00159462 0.891021 -0.453958
155 33.9726 -7.77067 -0.0172429 0.000333822 -0.0014626 0.894286 -0.447494
156 33.999 -7.96821 -0.0131567 0.000339121 -0.0013696 0.897506 -0.441
157 34.0263 -8.16701 -0.0230062 0.000374767 -0.00125916 0.900638 -0.434567
158 34.0434 -8.35996 -0.0244887 0.000408058 -0.00115189 0.903692 -0.428182
159 34.0662 -8.55975 -0.0337766 0.000466699 -0.00105127 0.906702 -0.421769
160 34.0828 -8.7602 -0.0306356 0.000416084 -0.00111078 0.90969 -0.415286
161 34.097 -8.95983 -0.0320918 0.000411809 -0.00117066 0.912653 -0.408733
162 34.108 -9.15962 -0.0221051 0.0004275 -0.0011289 0.915576 -0.402143
163 34.1151 -9.3593 -0.0249166 0.000493128 -0.000970103 0.918429 -0.395585
164 34.1195 -9.55981 -0.0274442 0.00054343 -0.000785063 0.921204 -0.389079
165 34.136 -9.77469 -0.0550043 0.000461449 -0.000826358 0.923929 -0.382562
166 34.1343 -9.97313 -0.0557682 0.000350899 -0.000847435 0.926566 -0.376132
167 34.1302 -10.171 -0.0319629 0.000238307 -0.000917337 0.929129 -0.369755
168 34.1252 -10.3648 -0.0348696 0.000131635 -0.00104401 0.931653 -0.363348
169 34.116 -10.5687 -0.0329447 4.18884e-05 -0.00116327 0.934134 -0.35692
170 34.107 -10.7689 -0.035227 -9.05835e-06 -0.00120373 0.936605 -0.350385
171 34.0936 -10.97 -0.039009 2.28322e-05 -0.00106359 0.939036 -0.343816
172 34.0763 -11.1699 -0.0419582 0.00011892 -0.000826843 0.941406 -0.337275
173 34.0575 -11.3712 -0.0278828 0.000206041 -0.000632885 0.943721 -0.330742
174 34.0276 -11.5817 -0.026588 0.000409113 -0.000339477 0.946086 -0.323915
175 34.0038 -11.7822 -0.0286481 0.000644569 7.78735e-05 0.948436 -0.316969
176 33.977 -11.9788 -0.0282319 0.000863556 0.000438296 0.950733 -0.310009
177 33.9471 -12.1744 -0.0276951 0.00112494 0.000767574 0.952999 -0.302969
178 33.9089 -12.3725 -0.0223845 0.00129309 0.000958208 0.95521 -0.295924
179 33.8706 -12.5679 -0.0211293 0.00142977 0.00120217 0.957313 -0.289048
180 33.8306 -12.7637 -0.0189946 0.00156075 0.00140282 0.959353 -0.282202
181 33.7852 -12.9552 -0.0135644 0.00170252 0.00169038 0.961279 -0.275567
182 33.7409 -13.1481 -0.00175244 0.00184501 0.00192455 0.96316 -0.268916
183 33.6913 -13.3448 0.0117209 0.00189818 0.00211429 0.96503 -0.262124
184 33.6455 -13.5444 -0.00990196 0.0019222 0.00222336 0.966851 -0.255325
185 33.5935 -13.7394 -0.00496251 0.00186314 0.00214763 0.968645 -0.248434
186 33.5371 -13.9366 -0.000896119 0.00181827 0.00205657 0.970392 -0.24152
187 33.4791 -14.1329 -0.0012091 0.00177857 0.00200799 0.972078 -0.234641
188 33.4166 -14.3205 -0.00710655 0.00167073 0.00187649 0.973735 -0.227672
189 33.3546 -14.5111 -0.00276683 0.00148236 0.00161513 0.975356 -0.220626
190 33.2871 -14.7006 0.000983832 0.00122055 0.00125227 0.976901 -0.213687
191 33.2175 -14.8854 0.00313542 0.000883764 0.000878612 0.978355 -0.206928
192 33.1513 -15.0735 0.00145113 0.000752939 0.000676542 0.979817 -0.199895
193 33.0691 -15.2648 0.000487079 0.000708272 0.000604791 0.981299 -0.192488
194 32.996 -15.4488 -0.000178376 0.000797626 0.000657686 0.982739 -0.184993
195 32.9177 -15.6325 0.00732922 0.000948854 0.000799339 0.984158 -0.177291
196 32.8342 -15.8177 0.00902522 0.000907706 0.000912543 0.985462 -0.16989
197 32.7451 -15.9976 -0.000606698 0.000783439 0.000925996 0.986682 -0.162654
198 32.6461 -16.1708 0.00212708 0.000520689 0.000764766 0.987831 -0.155527
199 32.555 -16.3488 0.00293972 0.00042232 0.000555668 0.988957 -0.1482
200 32.4626 -16.5339 0.0038915 0.000260919 0.000331781 0.990041 -0.140781
201 32.3663 -16.7159 -0.0115025 0.000115491 0.000185789 0.991052 -0.13348
202 32.2647 -16.8896 -0.0125516 6.76542e-05 0.000105357 0.991979 -0.126401
203 32.1624 -17.0587 -0.0113138 -0.000180514 -0.000115464 0.992833 -0.119511
204 32.0557 -17.2318 -0.0110458 -0.000457977 -0.000510236 0.99365 -0.112514
205 31.9487 -17.3994 -0.0110421 -0.000850597 -0.000998441 0.994407 -0.10561
206 31.8375 -17.5652 -0.0207309 -0.00114551 -0.00137332 0.995103 -0.0988283
207 31.728 -17.7337 -0.0250884 -0.001296 -0.00158868 0.99576 -0.0919637
208 31.6189 -17.896 -0.0290156 -0.00144801 -0.00175296 0.996375 -0.0850397
209 31.5067 -18.0772 -0.00369761 -0.00158666 -0.00186821 0.996944 -0.0780826
210 31.3898 -18.24 -0.00350292 -0.00170516 -0.00201877 0.997481 -0.0708908
211 31.2697 -18.3978 0.00428031 -0.00168264 -0.00198654 0.997964 -0.0637285
212 31.1426 -18.5547 -0.00096736 -0.0015496 -0.00183793 0.998393 -0.0566159
213 31.0174 -18.7082 -0.0051634 -0.00141698 -0.00164087 0.998766 -0.0496245
214 30.8895 -18.8613 -0.00929929 -0.00122997 -0.00138271 0.999081 -0.0428252
215 30.7621 -19.0296 -0.0119814 -0.00104903 -0.00117526 0.999354 -0.0359046
216 30.6278 -19.182 -0.0140936 -0.00090614 -0.000994796 0.999581 -0.0289021
217 30.4953 -19.3321 -0.0160165 -0.000759349 -0.000874185 0.999762 -0.0218013
218 30.3612 -19.4802 -0.0179722 -0.000589799 -0.00077893 0.999894 -0.0145348
219 30.2245 -19.6274 -0.0208341 -0.000372337 -0.000610171 0.999975 -0.00708631
220 30.076 -19.7697 -0.021963 -0.000224834 -0.000446516 1 0.000397733
221 29.9309 -19.9106 -0.024492 -5.21484e-06 -0.000168282 0.999972 0.00751589
222 29.7873 -20.0563 -0.01306 0.000386895 0.000172119 0.999893 0.0146148
223 29.6471 -20.1918 -0.0135197 0.000742588 0.000537555 0.999763 0.0217521
224 29.5014 -20.3264 -0.0117125 0.0010361 0.00082427 0.999576 0.029074
225 29.3465 -20.4552 -0.0119243 0.0014086 0.00122056 0.999342 0.0362284
226 29.1964 -20.5849 -0.00898455 0.00163244 0.00147524 0.999049 0.0435433
227 29.0524 -20.7239 -0.0249852 0.00169348 0.00164832 0.998713 0.0506688
228 28.8983 -20.8461 -0.0133774 0.00154184 0.0016443 0.998333 0.0576724
229 28.7411 -20.9676 -0.0102638 0.00134089 0.00154192 0.99791 0.0645938
230 28.5817 -21.0887 -0.0020402 0.00122977 0.00150232 0.997438 0.0715112
231 28.4196 -21.2083 -0.0075489 0.00114172 0.00149025 0.996934 0.0782252
232 28.2548 -21.3292 -0.0135401 0.00132465 0.00152855 0.99637 0.0851062
233 28.091 -21.447 -0.0110522 0.00153656 0.00162269 0.995745 0.0921222
234 27.9243 -21.5686 -0.00800573 0.00164921 0.00168346 0.995071 0.099139
235 27.7555 -21.6788 -0.00511257 0.00171911 0.00171451 0.994353 0.106099
236 27.5931 -21.7931 -0.00273133 0.00180862 0.00174718 0.993568 0.113207
237 27.4155 -21.8974 -0.000438952 0.00182608 0.00177877 0.99273 0.120334
238 27.2449 -22.0004 0.00265422 0.00174815 0.00176376 0.991824 0.127587
239 27.0749 -22.1031 0.00129914 0.00171515 0.00173676 0.990872 0.134786
240 26.899 -22.2014 0.00396563 0.00166734 0.00168884 0.989879 0.141894
241 26.7209 -22.3022 0.0136948 0.0016008 0.00161866 0.988839 0.148974
242 26.5431 -22.3944 -0.00305188 0.00151155 0.0015691 0.987772 0.155891
243 26.3667 -22.4869 0.000900462 0.00131609 0.00146429 0.986653 0.162826
244 26.1867 -22.5764 0.00436606 0.00107699 0.00133378 0.985474 0.169819
245 26.0056 -22.6631 0.00958236 0.00079249 0.00116181 0.984239 0.176838
246 25.8212 -22.7474 0.0099956 0.000656363 0.00106581 0.982967 0.183778
247 25.6372 -22.8316 0.01109 0.000601757 0.000988888 0.981646 0.190708
248 25.4511 -22.9126 0.00705405 0.000604358 0.000947553 0.980279 0.197616
249 25.2635 -22.983 0.00768261 0.00061767 0.000933031 0.978868 0.204489
250 25.079 -23.0541 0.0149352 0.000656146 0.000950788 0.977401 0.21139
251 24.8978 -23.1247 0.0167695 0.000637964 0.000914097 0.975836 0.218502
252 24.7143 -23.1926 0.0122176 0.000589962 0.000872558 0.974208 0.225651
253 24.5257 -23.2585 0.0132895 0.000566422 0.000854878 0.972506 0.232877
254 24.3266 -23.3153 0.0145613 0.000462428 0.000803652 0.970761 0.240047
255 24.1354 -23.3763 0.0156024 0.000374112 0.000726137 0.968925 0.247355
256 23.943 -23.4329 0.0195617 0.000297163 0.000637257 0.967015 0.254718
257 23.7489 -23.4862 0.0245072 0.000307681 0.000608313 0.965031 0.262136
258 23.5518 -23.532 0.0265299 0.000125453 0.000497881 0.96309 0.269179
259 23.3555 -23.5754 0.027674 -0.000135243 0.000339827 0.961177 0.275934
260 23.1592 -23.6177 0.0276603 -0.000411522 0.000157727 0.959235 0.282608
261 22.9599 -23.6565 0.0274729 -0.00071957 -5.83799e-06 0.957309 0.289064
262 22.7563 -23.6927 0.0260976 -0.000997025 -0.000181047 0.955354 0.295463
263 22.5539 -23.7309 0.0061001 -0.00118607 -0.000295996 0.953319 0.301962
264 22.364 -23.7732 0.00616588 -0.00133599 -0.000367741 0.951331 0.308168
265 22.1617 -23.8075 0.00728518 -0.00126021 -0.000308265 0.949245 0.314535
266 21.9501 -23.8332 -0.00552541 -0.000956511 -0.000127884 0.947087 0.320976
267 21.7519 -23.8629 -0.00713545 -0.000752357 -3.82377e-05 0.944803 0.327638
268 21.5517 -23.8922 -0.0086031 -0.000632971 -4.68966e-06 0.942471 0.334286
269 21.3526 -23.9085 -0.0105792 -0.000464334 4.68063e-05 0.940086 0.340936
270 21.1483 -23.9302 -0.0126684 -0.000126331 0.000224112 0.937603 0.347708
271 20.9492 -23.9461 -0.0118424 0.000147856 0.00037252 0.935037 0.354551
272 20.7479 -23.9606 -0.0114758 0.00038989 0.000491879 0.932417 0.361384
273 20.5453 -23.9711 -0.0155782 0.000602829 0.000595766 0.929773 0.368133
274 20.346 -23.9797 -0.013505 0.000772679 0.000661388 0.927092 0.374833
275 20.1449 -23.9839 -0.0123296 0.000898732 0.000700185 0.924385 0.381459
276 19.9406 -23.9839 -0.0123225 0.00102204 0.000734071 0.921633 0.388061
277 19.7402 -23.9846 -0.00688175 0.00120889 0.000805281 0.918766 0.394801
278 19.5425 -23.9802 -0.0054215 0.00135989 0.000933499 0.915835 0.40155
279 19.3423 -23.9683 -0.00290505 0.00138918 0.000944026 0.912897 0.408186
280 19.1452 -23.9574 -0.00108658 0.00141883 0.000983374 0.909931 0.414756
281 18.9474 -23.9446 0.000242416 0.0014904 0.0010317 0.906894 0.421354
282 18.751 -23.9301 0.00162675 0.00162524 0.00110124 0.903726 0.428107
283 18.5516 -23.9089 -0.00469109 0.00160358 0.00111006 0.900574 0.434699
284 18.352 -23.8841 -0.00111057 0.00142035 0.00102197 0.897427 0.441159
285 18.1565 -23.8511 0.00123126 0.00116843 0.000916478 0.894266 0.447533
286 17.9535 -23.8202 0.00303545 0.000856869 0.000807655 0.891109 0.453787
287 17.7598 -23.7956 -0.00409917 0.000510808 0.000680663 0.887967 0.459906
288 17.5605 -23.7612 -0.00317089 0.000153784 0.000575024 0.884771 0.466025
289 17.36 -23.7261 -0.00319726 -0.000187768 0.0004834 0.881476 0.472229
290 17.1666 -23.6947 -0.00425527 -0.000481858 0.000428022 0.878141 0.478402
291 16.9734 -23.6467 0.00508681 -0.000617591 0.000436116 0.874813 0.48446
292 16.7738 -23.6009 0.00243169 -0.000555165 0.000520861 0.871469 0.49045
293 16.5743 -23.5481 0.00205829 -0.000479369 0.00055751 0.868034 0.496503
294 16.3779 -23.5 0.00103844 -0.000363977 0.000589345 0.864399 0.502805
295 16.184 -23.4479 0.000291878 -0.000276966 0.000663171 0.86077 0.508994
296 15.9902 -23.3928 -0.000666141 -0.000151723 0.000749034 0.857121 0.515115
297 15.7964 -23.328 -0.00120243 2.88912e-05 0.000829255 0.853386 0.521279
298 15.6036 -23.2677 -0.00185737 0.00022811 0.000839501 0.849617 0.527399
299 15.4083 -23.2041 -0.000536787 0.000484908 0.000833232 0.845707 0.533646
300 15.2163 -23.1385 0.000202123 0.000920745 0.000892923 0.84167 0.539991
301 15.0399 -23.0614 -0.0202814 0.00119616 0.00085131 0.837596 0.546288
302 14.8515 -22.9864 -0.0364872 0.00136737 0.000793767 0.833577 0.552401
303 14.6643 -22.9096 -0.0336822 0.00146219 0.000777691 0.829536 0.558451
304 14.4786 -22.8305 -0.0290933 0.00131634 0.000701042 0.825463 0.564455
305 14.2966 -22.7478 -0.0268457 0.000901609 0.000575468 0.82141 0.570337
306 14.1167 -22.6621 -0.0175847 0.000432011 0.000515754 0.817219 0.576326
307 13.9306 -22.5792 -0.0168301 -7.27558e-05 0.000469954 0.813002 0.582261
308 13.7534 -22.4879 -0.00897708 -0.000595191 0.000480689 0.808828 0.588044
309 13.5742 -22.3971 -0.00976381 -0.00108956 0.000464422 0.804566 0.593863
310 13.3972 -22.2962 0.00469083 -0.0015818 0.000436831 0.800284 0.599619
311 13.2241 -22.1995 0.00209623 -0.00195326 0.000480604 0.795983 0.605315
312 13.0493 -22.0996 0.0238473 -0.00228299 0.000545381 0.791644 0.610979
313 12.8764 -21.9958 0.0207138 -0.00260855 0.000570646 0.787338 0.616516
314 12.7136 -21.8937 0.0295217 -0.00296568 0.000572427 0.783153 0.621822
315 12.5453 -21.7916 0.0255811 -0.00328405 0.000555684 0.778979 0.627041
316 12.3651 -21.6855 0.021364 -0.00359505 0.000562236 0.774755 0.632251
317 12.194 -21.5748 0.0170063 -0.00383907 0.000603141 0.770407 0.637541
318 12.0246 -21.4639 0.0277922 -0.00385701 0.000641474 0.765879 0.642972
319 11.8557 -21.3509 0.0205417 -0.00360999 0.00074868 0.761186 0.648523
320 11.6864 -21.235 0.00490316 -0.003339 0.000833806 0.756555 0.653921
321 11.5246 -21.1146 -7.78763e-05 -0.00294985 0.000896926 0.75185 0.659326
322 11.366 -20.994 -0.00390313 -0.00261503 0.000871595 0.747023 0.664792
323 11.2046 -20.8681 -0.00137155 -0.0021796 0.000841075 0.742076 0.670312
324 11.0475 -20.7434 0.00795519 -0.00166188 0.000842726 0.736954 0.67594
325 10.8954 -20.6146 0.00302586 -0.00122635 0.000799996 0.731905 0.681405
326 10.7577 -20.4817 0.015476 -0.000916329 0.000766147 0.727101 0.68653
327 10.6103 -20.3496 0.0213371 -0.000688976 0.000740977 0.722275 0.691605
328 10.464 -20.2143 0.0207472 -0.000506592 0.00069933 0.717371 0.696691
329 10.3168 -20.0767 0.0195992 -0.000336625 0.000658925 0.712324 0.701851
330 10.1722 -19.936 0.0197399 -0.000206269 0.000610975 0.707183 0.70703
331 10.0305 -19.7918 0.0223994 -0.000207663 0.000604072 0.702057 0.712121
332 9.89127 -19.6464 0.0271109 -0.000275076 0.000595935 0.696993 0.717078
333 9.74792 -19.5015 0.0132142 -0.000323512 0.000633189 0.691732 0.722154
334 9.61315 -19.3533 0.0136908 -0.000424693 0.0006196 0.686431 0.727195
335 9.48486 -19.2012 0.0138419 -0.0006127 0.0006466 0.681226 0.732072
336 9.35026 -19.0513 0.00556412 -0.00082668 0.000665338 0.67608 0.736828
337 9.22141 -18.8967 0.00485049 -0.0010912 0.000654165 0.670912 0.741536
338 9.09453 -18.7449 0.00349614 -0.00133551 0.000670882 0.665715 0.746204
339 8.96922 -18.5877 0.00187122 -0.00155893 0.000709738 0.660558 0.750773
340 8.84466 -18.432 0.0130156 -0.00169874 0.000770475 0.655301 0.755366
341 8.72095 -18.2701 0.0183002 -0.0018075 0.000787296 0.65007 0.759872
342 8.5989 -18.1072 0.0154066 -0.00184563 0.000749434 0.64468 0.76445
343 8.4797 -17.9422 0.0115478 -0.00180924 0.0007203 0.639185 0.769051
344 8.36161 -17.783 0.0170634 -0.00170759 0.000710516 0.633641 0.773625
345 8.25854 -17.619 0.0360142 -0.00153519 0.000674515 0.627891 0.7783
346 8.14509 -17.4373 0.0229328 -0.00121425 0.00064387 0.621921 0.783079
347 8.03807 -17.2653 0.0215201 -0.000884763 0.000624204 0.615875 0.787843
348 7.93623 -17.0905 0.0137634 -0.000621355 0.000636119 0.609936 0.79245
349 7.83017 -16.9207 0.0132767 -0.000349438 0.00067097 0.604145 0.796874
350 7.73186 -16.7408 0.0133109 -0.000114933 0.000637538 0.598438 0.801169
351 7.63941 -16.5601 0.0214755 0.000104443 0.000584835 0.592806 0.805345
352 7.54815 -16.3828 0.0216912 0.000353719 0.000507213 0.58706 0.809543
353 7.45947 -16.2043 0.0197855 0.000671286 0.000490437 0.581275 0.813707
354 7.37432 -16.0286 0.0166602 0.00093836 0.000512049 0.575576 0.817748
355 7.29258 -15.8463 0.0186793 0.00108393 0.000549111 0.570041 0.821615
356 7.20672 -15.6616 0.0205149 0.0011854 0.000553031 0.564465 0.825456
357 7.12322 -15.4819 0.0193082 0.00120413 0.000533149 0.558824 0.829285
358 7.04418 -15.2956 0.0220497 0.00111546 0.000494019 0.553214 0.833038
359 6.96465 -15.111 0.0233084 0.00103891 0.000400046 0.547452 0.836836
360 6.88773 -14.9226 0.0254111 0.00107763 0.000366976 0.541517 0.840689
361 6.81597 -14.7317 0.0109568 0.00112883 0.000325415 0.535495 0.844538
362 6.74823 -14.5412 0.00720163 0.00115457 0.000292884 0.529395 0.848375
363 6.6826 -14.3454 0.0177896 0.00118182 0.000275224 0.52322 0.852197
364 6.61924 -14.1521 0.0124917 0.0011585 0.000280996 0.517058 0.855949
365 6.55852 -13.9604 0.0141411 0.00115806 0.000266624 0.510881 0.859651
366 6.50445 -13.7708 0.0149131 0.00121367 0.000281626 0.504555 0.863379
367 6.44746 -13.5795 0.0159199 0.00134974 0.000273616 0.498232 0.867043
368 6.39625 -13.3829 0.013354 0.00145585 0.000229766 0.491917 0.870641
369 6.3408 -13.1814 0.015752 0.00153603 0.000177238 0.4856 0.87418
370 6.30449 -12.9812 0.0183327 0.00157613 0.000129829 0.479233 0.877686
371 6.26799 -12.796 0.0212437 0.00157678 0.000106683 0.472931 0.881098
372 6.22968 -12.5954 0.0245227 0.00150417 0.00011053 0.466731 0.884398
373 6.19373 -12.3953 0.0276724 0.00135047 0.000152295 0.460573 0.887621
374 6.15952 -12.1995 0.0215521 0.00119589 0.000240167 0.454468 0.890762
375 6.12574 -11.9995 0.0229067 0.00107699 0.000258109 0.44819 0.893938
376 6.09599 -11.7978 0.0245457 0.000959756 0.000279705 0.441819 0.897104
377 6.06651 -11.5939 0.0104635 0.000829131 0.000299458 0.435424 0.900225
378 6.04248 -11.3914 0.0105477 0.000819102 0.000283641 0.428983 0.903312
379 6.01526 -11.1955 0.0119262 0.000786698 0.000252086 0.422573 0.906329
380 5.99735 -10.9911 0.0135329 0.000705953 0.000282141 0.416194 0.909276
381 5.97874 -10.8015 0.0150291 0.00059841 0.000330798 0.409925 0.912119
382 5.96431 -10.5972 0.015061 0.000570491 0.000401273 0.403536 0.914963
383 5.94854 -10.4 0.00472586 0.000566017 0.000451195 0.397109 0.917771
384 5.94012 -10.1972 0.00537865 0.000578118 0.000468875 0.390593 0.920563
385 5.93168 -9.99665 0.00217045 0.00056606 0.000500528 0.384141 0.923274
386 5.9258 -9.80476 0.0105844 0.000580504 0.000519927 0.377656 0.925946
387 5.93503 -9.59453 0.0123122 0.000442101 0.00058584 0.371352 0.928492
388 5.94572 -9.39921 0.013621 0.000269945 0.000702656 0.365137 0.930953
389 5.95039 -9.19587 0.014846 4.15536e-06 0.00084115 0.358897 0.933377
390 5.97187 -8.98665 0.000636775 -0.000177643 0.000913804 0.352513 0.935807
391 5.97879 -8.78515 -0.0108585 -0.000324117 0.00092447 0.345904 0.93827
392 5.98684 -8.58348 -0.0115328 -0.000386833 0.000914735 0.338918 0.940815
393 6.00275 -8.38741 -0.0133704 -0.000357731 0.000902647 0.331472 0.943464
394 6.02307 -8.18393 -0.0140372 -0.000337364 0.000849494 0.323967 0.946068
395 6.04598 -7.98376 -0.0114112 -0.000332781 0.000885891 0.316578 0.948566
396 6.07753 -7.78786 -0.0117406 -0.000320933 0.000853998 0.30924 0.950984
397 6.10906 -7.591 -0.00581065 -0.000334109 0.000767285 0.301835 0.95336
398 6.14291 -7.39379 -0.00189361 -0.000365489 0.000654918 0.294269 0.955722
399 6.18579 -7.19931 -0.00238115 -0.000393196 0.000678067 0.286963 0.957941
400 6.22926 -6.99979 -0.0020505 -0.00044039 0.000694809 0.280019 0.959994
401 6.27555 -6.80172 -0.00265869 -0.000476897 0.000686895 0.273212 0.961953
402 6.32511 -6.60818 0.007057 -0.000455533 0.000635289 0.266365 0.963872
403 6.37484 -6.41394 0.00435065 -0.000361891 0.000507149 0.259305 0.965795
404 6.4262 -6.21995 0.00764071 -0.000342856 0.000478956 0.252425 0.967616
405 6.48338 -6.0248 0.00732955 -0.000295529 0.000422934 0.245616 0.969367
406 6.54714 -5.8378 -0.00534184 -0.000216561 0.000352248 0.238756 0.971079
407 6.61016 -5.64332 -0.00642303 -7.48959e-05 0.000228035 0.231777 0.972769
408 6.67034 -5.45519 -0.00512105 6.65605e-07 0.000119635 0.225088 0.974338
409 6.73557 -5.26496 -0.00317843 8.3569e-05 2.3524e-05 0.218437 0.975851
410 6.80926 -5.07303 -0.000955753 2.24007e-05 1.95312e-05 0.212024 0.977264
411 6.88506 -4.88052 0.000259573 -0.000124671 0.00014463 0.205796 0.978595
412 6.95943 -4.68803 0.000407567 -0.000266244 0.000197466 0.199424 0.979913
413 7.03607 -4.50946 -0.000615259 -0.000305282 0.000223921 0.192677 0.981262
414 7.10647 -4.31893 0.00739109 -0.000309995 0.000287926 0.185618 0.982622
415 7.18392 -4.13573 0.00136353 -0.000346477 0.000354168 0.178421 0.983954
416 7.26688 -3.95124 0.00252951 -0.000508631 0.000494183 0.171184 0.985239
417 7.3538 -3.76866 0.00283081 -0.000747056 0.000711023 0.163996 0.986461
418 7.45092 -3.58743 0.00233794 -0.000965629 0.000926416 0.156969 0.987603
419 7.53988 -3.40892 0.00109668 -0.00117445 0.0012045 0.149818 0.988712
420 7.63551 -3.23217 -0.000232197 -0.00139137 0.00150339 0.142654 0.989771
421 7.73166 -3.05813 -0.00189996 -0.00165447 0.00175643 0.135594 0.990762
422 7.8316 -2.88354 -0.0035146 -0.00200051 0.00209282 0.128652 0.991686
423 7.93581 -2.69941 -0.00692487 -0.00236655 0.00245247 0.12191 0.992535
424 8.03593 -2.52729 -0.0269299 -0.00264923 0.00269361 0.115007 0.993358
425 8.1387 -2.36539 -0.0131314 -0.00289832 0.00287087 0.107973 0.994145
426 8.24629 -2.19355 -0.0148472 -0.00310452 0.00302785 0.10093 0.994884
427 8.35605 -2.0247 0.00562896 -0.00320718 0.00316415 0.0938489 0.995576
428 8.4652 -1.8572 -6.33497e-05 -0.00326037 0.00322544 0.0867166 0.996222
429 8.57599 -1.69146 0.0113304 -0.00327961 0.00327403 0.0794701 0.996826
430 8.69175 -1.52712 0.00637387 -0.00329321 0.00331577 0.0720992 0.997387
431 8.81621 -1.36641 -0.000395441 -0.00315305 0.003166 0.0647232 0.997893
432 8.93919 -1.20493 -0.00494748 -0.00300419 0.00306293 0.057467 0.998338
433 9.06566 -1.05099 -0.00930429 -0.00286076 0.00298276 0.0503263 0.998724
434 9.19446 -0.896453 -0.0139455 -0.00269864 0.00284175 0.0432456 0.999057
435 9.32437 -0.74276 -0.0127272 -0.00247602 0.00266189 0.0361604 0.999339
436 9.45573 -0.590942 -0.0226778 -0.00225524 0.00244787 0.0291879 0.999568
437 9.58565 -0.439594 -0.00423462 -0.00202904 0.00216173 0.0221065 0.999751
438 9.71989 -0.290367 -0.00621861 -0.0018654 0.00193513 0.0149116 0.999885
439 9.85532 -0.143307 -0.000267595 -0.00178092 0.00181915 0.00774141 0.999967
