10 -5.60486e-35 -2.37967e-35
10.143 0.14001 -0.00349616
10.2763 0.288152 0.00142568
10.4314 0.427193 0.00551235
10.5875 0.563634 0.00332519
10.7381 0.694596 0.00298563
10.889 0.826387 0.00394916
11.0311 0.957186 -0.00190056
11.185 1.08416 -0.00141712
11.3547 1.20995 0.00250893
11.5125 1.33802 0.00783009
11.6822 1.45374 -0.00263596
11.8413 1.57274 -0.00187125
12.0086 1.68963 0.00204348
12.1671 1.80081 0.00288218
12.3247 1.90712 0.00155157
12.5073 2.02426 -0.000876223
12.6753 2.12767 0.00449569
12.8484 2.22786 0.000782002
13.0191 2.33399 0.000613519
13.1982 2.42446 0.00688153
13.3745 2.5255 0.00732063
13.549 2.62186 0.00687232
13.7339 2.71118 0.00680306
13.9159 2.80157 0.00416109
14.1019 2.88921 -0.00528781
14.2802 2.97187 0.00483262
14.4659 3.05469 0.000768054
14.649 3.1313 0.00636653
14.8311 3.20706 0.00568923
15.0251 3.27248 -0.00566197
15.2076 3.34742 -0.000565981
15.397 3.42062 0.000320605
15.5812 3.48373 0.00665562
15.7771 3.5503 -0.00187886
15.9647 3.61041 0.00357624
16.1612 3.65811 0.00122691
16.3538 3.71504 0.00820577
16.5677 3.76016 0.00168429
16.7478 3.81529 -0.00148516
16.9423 3.8652 0.00343665
17.1467 3.89976 0.00365808
17.3432 3.9446 0.00742831
17.5364 3.97924 0.000473422
17.7324 4.01052 0.00370586
17.9466 4.04629 0.00358836
18.1412 4.07108 -0.000123913
18.3312 4.0971 0.00163193
18.5343 4.11816 0.00110849
18.7231 4.13771 -0.000266738
18.9447 4.15904 0.00782475
19.1348 4.17008 0.00421531
19.3375 4.18053 0.0074633
19.5347 4.19551 0.00372488
19.7432 4.19917 0.000439877
19.9387 4.20026 0.0003865
20.1401 4.20617 -0.00383108
20.3413 4.20573 0.00244526
20.5452 4.19606 0.000744497
20.7475 4.18424 0.000960397
20.9506 4.16965 0.00361436
21.1476 4.15884 -0.000637843
21.344 4.13742 0.00640683
21.5468 4.12489 -0.0014579
21.7531 4.0983 0.00120471
21.9445 4.07661 0.001892
22.1459 4.04657 0.00475668
22.3426 4.01152 -0.0050515
22.543 3.9817 -0.00415646
22.7423 3.94543 -0.00100273
22.9304 3.8981 0.00620096
23.1336 3.85739 0.0031642
23.3332 3.81373 -0.0026633
23.5215 3.76788 0.000134771
23.7212 3.71065 0.00288044
23.912 3.66033 -0.000922893
24.1102 3.60139 -0.000170477
24.3011 3.54881 0.00426248
24.4888 3.48583 0.00593621
24.6793 3.41763 0.00256864
24.8724 3.35033 0.00357446
25.0579 3.27862 -0.000402236
25.2423 3.20458 0.00765091
25.4397 3.1313 0.00329007
25.6277 3.05149 -0.00456755
25.8027 2.97071 0.00147265
25.9853 2.88606 0.00489464
26.1724 2.79807 -0.000436916
26.347 2.71393 0.0014347
26.5336 2.61978 0.0014371
26.7067 2.52991 -0.00145199
26.8781 2.42631 0.000638288
27.0639 2.33302 0.000661922
27.2295 2.23252 0.00139389
27.4035 2.12186 0.000853376
27.5781 2.01789 0.00387322
27.7425 1.91432 -0.000565233
27.9155 1.79886 0.00505943
28.0804 1.69331 0.00231669
28.2561 1.56947 0.00996833
28.4011 1.44942 0.00300586
28.5669 1.32865 0.00415731
28.7279 1.20757 0.000792778
28.8805 1.07857 0.00232743
29.0466 0.956096 0.00355669
29.205 0.826981 0.00705358
29.351 0.693386 -0.00182475
29.4992 0.558894 -0.000495986
29.6471 0.431207 0.00342456
29.7902 0.292823 0.00441971
29.9356 0.142302 0.00849746
30.0748 0.00385932 0.000360354
30.2126 -0.146253 0.000494616
30.3553 -0.291154 -0.00447674
30.4924 -0.435466 -0.0037685
30.6245 -0.587881 0.00192777
30.7545 -0.736955 0.000831873
30.8892 -0.892643 -0.00253365
31.011 -1.04921 0.00606141
31.136 -1.20665 0.00325911
31.2674 -1.36718 0.00313576
31.3816 -1.52708 -0.000113931
31.5012 -1.69671 0.0042805
31.6113 -1.85153 0.00352848
31.732 -2.01977 -0.00248838
31.841 -2.18693 0.003509
31.9469 -2.35487 0.0027593
32.0598 -2.5313 0.00122862
32.1584 -2.69957 -0.00182577
32.2813 -2.8748 0.00132021
32.3638 -3.05172 -0.00136415
32.463 -3.22164 0.00334693
32.5519 -3.40323 0.000280014
32.6453 -3.58508 -0.00617919
32.7355 -3.76608 -0.00401466
32.8181 -3.9423 -0.00352814
32.9037 -4.12853 0.00304011
32.9837 -4.31493 0.00130149
33.0603 -4.49322 0.0047993
33.1416 -4.68093 0.00421072
33.2123 -4.8743 0.00314388
33.2782 -5.06144 -0.00206742
33.3533 -5.25413 -0.00240869
33.4197 -5.43523 0.00327545
33.4699 -5.62897 -0.00226491
33.5403 -5.81809 0.000495269
33.5949 -6.01876 -0.00410758
33.6545 -6.21197 5.83607e-05
33.6964 -6.40485 5.58553e-05
33.7493 -6.6055 0.00230832
33.789 -6.79907 0.00266747
33.8311 -6.99152 0.00459204
33.8761 -7.19037 -0.000843614
33.9096 -7.3838 0.00494155
33.9481 -7.58294 -0.00275801
33.976 -7.78778 -7.12916e-05
34.0092 -7.98511 0.00168189
34.0264 -8.17918 0.00283711
34.0518 -8.38419 0.00191533
34.0757 -8.57991 0.00368063
34.0894 -8.78088 0.000195738
34.1093 -8.98752 0.00591832
34.1226 -9.18599 -0.00141344
34.1275 -9.38479 -0.00420815
34.1302 -9.58412 0.00240161
34.1356 -9.78906 0.00500487
34.139 -9.99033 -0.000188534
34.1299 -10.1876 0.00519396
34.1287 -10.3934 -0.00238971
34.1143 -10.5935 0.00257915
34.1043 -10.7932 0.000784363
34.0953 -10.9967 0.000902072
34.0872 -11.2009 -0.000243824
34.0585 -11.4023 0.00333789
34.0333 -11.5938 -0.00365492
34.0092 -11.7975 0.00336283
33.9822 -11.9958 -0.000199176
33.9376 -12.1907 0.00298754
33.9143 -12.3924 0.00816585
33.8797 -12.5929 -0.00254099
33.8369 -12.7857 0.00755279
33.8051 -12.9843 0.00013469
33.7431 -13.1818 0.00364801
33.6976 -13.3723 0.00283131
33.649 -13.5721 0.0126608
33.5929 -13.7661 0.00312384
33.534 -13.962 0.00204352
33.4692 -14.1524 0.00103
33.4156 -14.3444 0.00577344
33.3527 -14.5356 0.00298434
33.2859 -14.7197 0.000659039
33.2161 -14.9083 0.00543543
33.1349 -15.0987 0.0042661
33.0609 -15.2924 0.00519128
32.9814 -15.4735 0.000716908
32.908 -15.6556 0.000867389
32.8186 -15.838 0.0011518
32.7322 -16.0185 -0.00141434
32.6401 -16.1975 0.0039942
32.5491 -16.3809 0.000804028
32.459 -16.5561 -0.00134846
32.3664 -16.7366 0.00463248
32.262 -16.9086 0.00154132
32.1658 -17.0826 0.00436545
32.0604 -17.2539 0.00833279
31.9543 -17.4212 -0.000409101
31.8403 -17.5974 -0.00132227
31.7274 -17.7663 0.00188584
31.6095 -17.9288 -0.000790828
31.4942 -18.0941 0.00712174
31.3773 -18.2556 -0.00454448
31.263 -18.4186 0.00492703
31.1513 -18.5731 0.000976311
31.0181 -18.7296 0.0015577
30.8942 -18.8882 0.000252134
30.7558 -19.0439 4.97314e-06
30.6166 -19.1922 0.00641089
30.4927 -19.3435 0.00405971
30.3618 -19.4964 0.00499186
30.2207 -19.6408 -0.00629978
30.0789 -19.7846 0.000368852
29.9393 -19.925 -0.000535093
29.7898 -20.0643 0.0038628
29.6459 -20.2073 0.00488228
29.4919 -20.3467 0.0035959
29.3477 -20.4774 -0.00445411
29.1933 -20.6106 0.00857373
29.0375 -20.7341 0.00909701
28.8907 -20.8623 0.00447742
28.7327 -20.9946 0.0015247
28.5579 -21.1113 0.00266731
28.3968 -21.2284 0.00186518
28.241 -21.3469 -0.00139896
28.0755 -21.471 0.00236891
27.9213 -21.5836 -0.000663726
27.7476 -21.6917 0.00281793
27.5748 -21.8007 0.000980889
27.4043 -21.9091 -0.00119588
27.2346 -22.0175 -0.000965896
27.0499 -22.1101 0.000690072
26.8884 -22.2158 0.00240255
26.7174 -22.3045 -0.00712973
26.5323 -22.3999 0.00340296
26.3512 -22.4988 0.00038602
26.1667 -22.5839 -0.00021133
25.9872 -22.6726 -0.000264194
25.8096 -22.7561 0.00164781
25.6252 -22.8321 -0.00271405
25.4345 -22.9042 0.00107486
25.2454 -22.9886 0.00587811
25.0573 -23.0615 0.00244078
24.8714 -23.1298 -8.96373e-06
24.6807 -23.1989 0.00235274
24.4883 -23.2661 8.80569e-05
24.3038 -23.3262 0.00405179
24.105 -23.3849 -0.00244453
23.91 -23.4404 -0.00280297
23.7211 -23.4992 -0.000278549
23.5298 -23.5462 -0.000439677
23.3368 -23.5987 -4.99776e-05
23.13 -23.6319 -0.00488952
22.9392 -23.6844 -0.00653585
22.7413 -23.7248 0.000792997
22.5375 -23.7667 -0.00073237
22.3473 -23.7965 0.00867611
22.1452 -23.8231 0.00561458
21.9543 -23.8533 -0.00188508
21.7404 -23.8829 0.00209974
21.5484 -23.9032 0.0013494
21.3487 -23.9232 0.00195353
21.144 -23.9387 -0.00311733
20.9475 -23.9528 0.00271012
20.7432 -23.9667 0.00304189
20.5387 -23.9775 -0.00288885
20.3399 -23.9809 0.00188104
20.1399 -23.9872 0.00201291
19.9421 -23.9845 0.0022408
19.7378 -23.9795 -0.00635813
19.5382 -23.9767 0.00166704
19.3327 -23.9685 0.0044621
19.1383 -23.9544 0.00235434
18.934 -23.9373 0.000436634
18.7281 -23.92 0.000307647
18.5397 -23.9052 0.000395588
18.3302 -23.8807 0.00842819
18.1282 -23.8589 0.000907709
17.9298 -23.8267 0.00319623
17.7354 -23.7905 0.00207842
17.5412 -23.7604 -0.00175493
17.3369 -23.7224 0.00326889
17.1449 -23.6805 -0.00347537
16.9476 -23.6395 0.00324336
16.7517 -23.5948 -0.000829984
16.558 -23.5477 0.00100698
16.3663 -23.4984 0.000186209
16.163 -23.4375 0.00368461
15.9783 -23.382 0.00229048
15.7816 -23.3274 0.00112658
15.5925 -23.2669 -0.000287183
15.3977 -23.1932 -0.00129075
15.2083 -23.1259 0.00393745
15.0241 -23.0584 -0.00062332
14.8261 -22.9886 0.00386576
14.6407 -22.9224 -0.000838183
14.4634 -22.8394 -0.00263894
14.2781 -22.7481 -0.0021821
14.0947 -22.6687 0.00218376
13.9122 -22.5864 5.94219e-05
13.7374 -22.4962 -0.00100038
13.5533 -22.4028 0.00463203
13.3795 -22.3038 2.42228e-05
13.199 -22.2128 -0.00331188
13.0238 -22.1119 -0.000602858
12.8424 -22.0124 0.00638825
12.6761 -21.9075 0.00141013
12.5076 -21.7985 0.00510087
12.3455 -21.6913 -0.00268532
12.171 -21.5788 0.000414737
12.0082 -21.4689 -0.00242853
11.8419 -21.3526 0.00566422
11.6778 -21.2343 0.00549477
11.5082 -21.113 0.00517148
11.3574 -20.9923 0.00401951
11.2021 -20.8663 0.00199717
11.0412 -20.7355 0.00309817
10.8926 -20.608 0.00387878
10.7339 -20.4741 -0.000939222
10.5819 -20.3393 0.00193091
10.4385 -20.2008 0.00496218
10.2923 -20.0659 -0.000752463
10.1439 -19.9203 0.00131663
9.99928 -19.7873 -0.000514206
9.86315 -19.6363 -0.00281193
9.72589 -19.4876 0.00139439
9.57882 -19.3401 0.000245698
9.46338 -19.1873 0.000666115
9.32285 -19.0445 0.00540301
9.19601 -18.8908 0.00469514
9.06182 -18.7334 0.00722775
8.94583 -18.5715 -0.00251421
8.80551 -18.4187 0.00350492
8.70585 -18.2622 0.0164198
8.58385 -18.0981 0.00354625
8.47547 -17.932 0.00250915
8.35717 -17.7636 0.00137786
8.24878 -17.5971 0.00503781
8.13371 -17.4265 0.00723143
8.0272 -17.2542 0.00320563
7.91506 -17.0854 0.00253808
7.80852 -16.9055 -0.00198415
7.71831 -16.7366 -0.00710331
7.62566 -16.5535 0.00335532
7.53262 -16.3776 0.00387811
7.43564 -16.1986 0.00124565
7.35249 -16.0164 0.00250366
7.26383 -15.8352 0.00323637
7.18552 -15.654 0.000825454
7.10483 -15.468 0.00687818
7.02493 -15.2808 0.00283946
6.95909 -15.0976 0.00641875
6.86748 -14.9093 0.00254955
6.79569 -14.7211 -0.000124821
6.73311 -14.5287 0.00117401
6.66774 -14.3464 0.000657095
6.60189 -14.1484 0.0019147
6.5408 -13.955 0.00273295
6.48182 -13.7671 0.00168541
6.43271 -13.5681 0.00379081
6.38084 -13.3755 0.0015123
6.34511 -13.1831 0.00285519
6.28694 -12.9871 0.000765713
6.24546 -12.7869 0.00109726
6.20056 -12.5867 -0.00306083
6.1657 -12.3903 0.000730856
6.14091 -12.1889 0.00152269
6.10713 -11.9962 -0.00281577
6.08461 -11.7963 0.00601786
6.05594 -11.5871 0.0012031
6.03052 -11.3991 0.000492871
6.01157 -11.1994 -0.00155871
5.98397 -10.9976 0.000875342
5.96995 -10.7997 0.00233108
5.95979 -10.592 0.00172207
5.95394 -10.3904 0.00263553
5.95169 -10.1915 0.00721014
5.95059 -9.99014 -0.000326013
5.94588 -9.78752 0.00156342
5.95165 -9.58911 -0.00370878
5.95863 -9.38415 0.00222778
5.96672 -9.18272 0.00592261
5.97645 -8.985 0.00252303
5.99143 -8.7816 0.00318328
6.00873 -8.58794 -0.000337852
6.02855 -8.38424 0.00164589
6.04676 -8.18525 0.00197601
6.08005 -7.98019 -0.000496316
6.10551 -7.78511 0.00675659
6.13439 -7.58174 0.00931831
6.16742 -7.38591 0.00771235
6.2054 -7.19159 0.000544539
6.24805 -6.98914 0.00185353
6.29125 -6.79619 0.0050539
6.3392 -6.59545 -0.00150511
6.39591 -6.40082 0.00229354
6.44015 -6.20818 -0.000106467
6.49166 -6.01737 0.00159161
6.5439 -5.82867 0.000548653
6.60468 -5.63123 0.00436003
6.67249 -5.44271 0.00177928
6.73659 -5.24518 5.90979e-05
6.80329 -5.06095 -1.44389e-05
6.87012 -4.87605 0.00274377
6.94616 -4.68389 0.00501909
7.0136 -4.50054 -0.00168085
7.09927 -4.30923 0.00422638
7.17912 -4.12895 0.00484825
7.25757 -3.94557 0.00186048
7.34717 -3.75975 0.00298376
7.43351 -3.57245 -0.000948681
7.52908 -3.4022 0.00110656
7.61965 -3.22612 -0.00333615
7.71885 -3.04395 -0.00315809
7.81947 -2.87059 -0.00412598
7.91646 -2.69807 -0.000870782
8.02608 -2.52872 0.00283277
8.12533 -2.35585 -0.000833766
8.24015 -2.18384 0.000181615
8.34916 -2.02032 0.00325244
8.46394 -1.85431 0.00753561
8.58483 -1.68216 0.00541459
8.7028 -1.52538 0.00255182
8.82235 -1.36137 0.00167943
8.94627 -1.20256 0.00118306
9.0696 -1.05145 0.00172292
9.18388 -0.886801 0.007292
9.32441 -0.738106 0.00437401
9.46148 -0.583617 0.00902611
9.58389 -0.440789 0.00740081
9.72876 -0.286209 0.00304471
9.86086 -0.142763 0.00145418
10.0121 0.000291906 0.000489009
10.1504 0.144861 -0.0046592
